11.536564737877425
6.754231557474423
7.532130222711353
19.368505632037813
5.637177760884084
3.9892470910204922
12.766748373917906
8.88174453932707
10.309674780397641
0.7830364677330848
15.816110543921187
4.639962018006174
9.16979237235924
6.45969395810169
0.6962210271962751
12.807782734027711
12.573127371654024
4.567866714210769
11.038739229865715
6.030132942491984
3.962137643112669
6.286000932715975
10.134167289721237
7.862430768619635
7.693083327429114
2.9762130967556955
13.148859494646132
4.714377478183996
12.117719413460302
8.49942928714529
