0.9798494791134341,1.0
1.335384290744393,1.0
1.2310991181720534,1.0
1.0558575882610488,1.0
1.3303700827971465,1.0
0.9623655716405752,1.0
1.392084638644623,1.0
1.2979962772465652,1.0
1.197259160319869,1.0
0.9827091591778058,1.0
0.8964653417955348,1.0
1.3762119120249896,1.0
1.1332964904445926,1.0
0.944217105295279,1.0
0.9294133414035259,1.0
1.1052650338736347,1.0
0.94903353603776,1.0
0.9260010187000485,1.0
0.8902756484986151,1.0
1.0533807335031715,1.0
0.9526836028234055,1.0
1.6568101996156808,1.0
1.0882299535652469,1.0
1.7051581809528455,1.0
1.2507063995077696,1.0
1.4529879424821874,1.0
1.187307923651168,1.0
1.5491457415274263,1.0
1.0379355857790435,1.0
1.4182572584813722,1.0
0.9968573971758243,1.0
1.0425479245104132,1.0
1.1735461454518539,1.0
1.146758959334673,1.0
1.2889483153135475,1.0
1.1288504138635953,1.0
1.3199373987522725,1.0
1.5690355640785205,1.0
1.4829084746712788,1.0
1.005611773015394,1.0
1.086751674904508,1.0
1.261867291379976,1.0
0.9837140794701345,1.0
1.3566917488699048,1.0
1.3528397370086434,1.0
1.2238652921855826,1.0
1.027418554059436,1.0
0.9487172776578934,1.0
1.0434135983640183,1.0
0.8545909159579027,1.0
1.2799608835838754,1.0
1.0191086528757582,1.0
1.153613477841151,1.0
1.1266693307600744,1.0
1.0739709823862968,1.0
1.1750790005035283,1.0
1.0503453999313574,1.0
1.1885137230159728,1.0
1.081104792534419,1.0
3.07483353224017,2.0
2.567403927631396,2.0
2.2400312339782618,2.0
1.8773314966386108,2.0
1.614593719395075,2.0
1.9770671008021796,2.0
1.8252182939121349,2.0
1.2851134376315185,2.0
1.9441782014758278,2.0
2.4323165575746057,2.0
2.2821358266731364,2.0
2.64071235636152,2.0
1.0837359998661298,2.0
1.8625804761121179,2.0
1.420844818337803,2.0
1.9767703471829432,2.0
2.07104366280265,2.0
1.8288008217143998,2.0
2.1705910552195764,2.0
1.9566792110123674,2.0
1.6751398728104026,2.0
1.9394700579609392,2.0
1.759833906116078,2.0
2.0189760030363915,2.0
2.141602767803205,2.0
1.9265871376544248,2.0
1.92451658362976,2.0
1.9891811039050598,2.0
2.04563853949329,2.0
2.030744076178697,2.0
2.017051609038847,2.0
2.063184487556886,2.0
2.287817371843923,2.0
2.1953805776630473,2.0
1.9269045713654804,2.0
1.9477366313746105,2.0
1.8865774004240767,2.0
2.6256087166970334,2.0
1.8730618664001009,2.0
1.5318729110690006,2.0
1.6987922240840791,2.0
1.9426058669348039,2.0
2.2886808141179817,2.0
1.9412740864858298,2.0
2.018388688977872,2.0
1.9469256406629678,2.0
1.9509929157858419,2.0
1.931264780854645,2.0
1.9778313195116317,2.0
1.9589877111848042,2.0
1.77657435872863,2.0
1.8469481553724223,2.0
1.8686359965475934,2.0
1.9540515972133985,2.0
1.9447388330776052,2.0
1.9396372164478577,2.0
1.7853477808016875,2.0
2.0263024280128676,2.0
1.9268625061777116,2.0
2.469131024749275,2.0
2.005226269347311,2.0
1.778060954336674,2.0
1.4319753164367608,2.0
1.9264635510775825,2.0
1.4642171904458277,2.0
1.7580315647985223,2.0
1.86393684380043,2.0
1.612942656453381,2.0
1.9128643752063244,2.0
1.8817859340911376,2.0
1.9857720384787823,2.0
2.4867374289064315,3.0
2.521301636874187,3.0
2.6115529137455127,3.0
2.512137628191199,3.0
3.06899278736568,3.0
3.029145150080603,3.0
3.313665327429612,3.0
3.044888612219317,3.0
3.349973355210319,3.0
3.064690576834341,3.0
3.289008378528657,3.0
3.278880228892164,3.0
3.2581783048460355,3.0
2.9128082319216886,3.0
2.7606058843928114,3.0
3.2523100559631386,3.0
3.7148272098383606,3.0
3.0190999777034286,3.0
2.9633940969863644,3.0
2.3709932280326855,3.0
2.220605949783381,3.0
2.3393449689655195,3.0
2.4819708916470997,3.0
2.8345192550935274,3.0
3.0786673877071005,3.0
3.0383917185310443,3.0
2.8755560811964176,3.0
3.0646861134764074,3.0
2.3216101606815305,3.0
2.489941850281262,3.0
2.655038798570477,3.0
3.2364243420678673,3.0
3.066349841742899,3.0
3.0066341279775295,3.0
2.979578310678812,3.0
3.4176510064095114,3.0
2.6805859696801377,3.0
3.02056166269505,3.0
2.8596202472804566,3.0
2.6136907558522187,3.0
3.2885159914580435,3.0
3.2891905057803283,3.0
2.9457092032930787,3.0
3.158976757330455,3.0
2.969929339050122,3.0
2.9923894277766436,3.0
3.0003525003262768,3.0
2.8623856250029087,3.0
