-3.608273420 ,-6235.615344204 ,-5198.011238551 , 1
-4.030405515 ,-6395.548131743 ,-4299.317203115 , 1
-4.748248346 ,-8999.707867947 ,-11351.582298885 , 1
-2.326069792 ,-2665.817825158 ,-3281.860442362 , 1
-4.838546741 ,-9704.588571177 ,-8358.466626350 , 1
-4.463090316 ,-7714.753011843 ,-6988.716950120 , 1
-4.061395866 ,-6625.836300545 ,-7260.158024286 , 1
-3.277996546 ,-5466.676270533 ,-5438.816194389 , 1
-3.879293288 ,-10248.129451232 ,-8452.895006859 , 1
-3.724288142 ,-7672.374946498 ,-5252.125416287 , 1
-4.184019037 ,-7844.022999540 ,-6611.441976583 , 1
-4.611355064 ,-10032.006921497 ,-4553.097159239 , 1
-4.374763791 ,-5946.506391318 ,-8161.717630339 , 1
-3.778610944 ,-7719.231145558 ,-7376.025371714 , 1
-3.336938314 ,-6449.292357089 ,-5547.645688943 , 1
-5.214937054 ,-11068.492488556 ,-10075.720588037 , 1
-3.085181216 ,-4284.115600430 ,-5285.809012058 , 1
-2.535236348 ,-4090.987686481 ,-3508.372081135 , 1
-2.422140920 ,-2086.123121064 ,-3947.335170677 , 1
-2.463697985 ,-4552.186345004 ,-2646.553276421 , 1
-2.427310104 ,-3076.314118939 ,-2691.574810450 , 1
-4.012858041 ,-7389.282566924 ,-5353.001684971 , 1
-3.385751880 ,-6944.707826499 ,-5306.557823608 , 1
-3.167575392 ,-5431.929917708 ,-4615.580462322 , 1
-3.327369855 ,-7927.192258991 ,-5189.527789244 , 1
-3.975934857 ,-8335.372174333 ,-8703.265945309 , 1
-2.926535339 ,-6218.023054606 ,-3384.156208387 , 1
-3.755383937 ,-6287.845989668 ,-5088.967516193 , 1
-3.260927930 ,-5961.744688746 ,-4313.520822750 , 1
-2.486557496 ,-4665.017699495 ,-4189.647521805 , 1
-3.393802799 ,-4640.791266011 ,-3295.161119326 , 1
-3.368138188 ,-5803.513120026 ,-4177.844348278 , 1
-2.918988789 ,-6322.987399503 ,-2969.773325206 , 1
-3.041234970 ,-3941.543135176 ,-4399.647112323 , 1
-2.586866955 ,-3912.375842044 ,-4227.654268541 , 1
-2.566502609 ,-5214.052429892 ,-7508.690956228 , 1
-3.919128693 ,-7586.207623394 ,-5350.843086993 , 1
-2.045108388 ,-2473.578766957 ,-3404.391651822 , 1
-2.543352708 ,-4373.759142283 ,-4217.963865874 , 1
-3.135636424 ,-4905.700265221 ,-8344.427001220 , 1
-3.320953732 ,-6976.487519231 ,-7659.458062181 , 1
-2.985001894 ,-6103.071493577 ,-5144.033763937 , 1
-3.045625573 ,-5728.174001328 ,-6479.350287545 , 1
-4.020552734 ,-6030.660252744 ,-6960.186274596 , 1
-3.984962453 ,-7760.453180335 ,-5616.680608365 , 1
-4.396451671 ,-7638.328796404 ,-6849.739826907 , 1
-4.579913645 ,-7013.640466702 ,-8283.176923553 , 1
-3.219967908 ,-5523.300929108 ,-5691.870925015 , 1
-3.019448496 ,-4748.193431663 ,-6510.426770660 , 1
-3.077304960 ,-5167.789470802 ,-5620.468949237 , 1
-4.128971882 ,-8289.296460684 ,-6278.632668230 , 1
0.026917234 ,1092.846779420 ,1407.776089873 , 2
-1.347998205 ,-287.529215727 ,-306.220172234 , 2
-1.279872122 ,-2317.668323896 ,-1490.736785382 , 2
-0.701803919 ,-62.623750610 ,-184.349869330 , 2
-2.141121689 ,-2695.403189592 ,-1862.444521439 , 2
-1.225929188 ,-2587.055111289 ,-1375.492831527 , 2
-0.565629872 ,-706.519198393 ,-1472.502452884 , 2
-2.051224961 ,-2080.289546047 ,-1257.978993111 , 2
-1.409026080 ,66.995642438 ,-703.424857044 , 2
-1.403184455 ,401.835964181 ,-1357.245815968 , 2
-1.041195107 ,-1505.725444429 ,-735.355317874 , 2
-0.573116420 ,-762.065874385 ,-1249.418655777 , 2
-1.763984411 ,-3614.296493927 ,-2529.809034148 , 2
-2.252333893 ,-3196.628592218 ,-1944.808068716 , 2
-0.346722262 ,148.617324073 ,-341.516800877 , 2
-0.206947559 ,-919.603635483 ,-835.412995119 , 2
-1.047468213 ,642.204984339 ,778.439468778 , 2
-2.156524005 ,-2398.021169496 ,-1578.893481215 , 2
-1.197799363 ,-908.406598425 ,-1184.115308005 , 2
-0.574540792 ,-328.543087285 ,-227.524856043 , 2
-1.917389671 ,-3162.612972541 ,-2446.825647375 , 2
-1.509472098 ,-1828.769497504 ,-732.593359087 , 2
-0.061308495 ,707.093448728 ,4364.247908759 , 2
-1.662654991 ,-1587.813410742 ,-905.527915866 , 2
-1.246660956 ,-1306.153894147 ,-537.780433659 , 2
-1.081416093 ,-915.224995211 ,-683.000471778 , 2
-1.213868056 ,-191.733636792 ,-790.939676765 , 2
-1.742446905 ,-1241.258532448 ,-1951.539768176 , 2
-1.394984904 ,-2129.437667123 ,-853.793472192 , 2
-1.224625814 ,-980.720746007 ,-759.000273333 , 2
0.056512417 ,1020.357722283 ,-95.993594819 , 2
-0.797634682 ,-853.861464818 ,-972.911445922 , 2
-0.808091820 ,-362.773386034 ,-344.553523137 , 2
-2.251373292 ,-3822.074370583 ,-2007.947500257 , 2
-1.199851949 ,2032.779734280 ,1653.725881324 , 2
-1.250364040 ,-1780.562984072 ,-778.535262276 , 2
-1.831340912 ,-3633.899193725 ,-1462.563928345 , 2
-1.224768126 ,-1576.730173523 ,-891.644212329 , 2
-1.567669783 ,-2368.892195408 ,-2316.320754802 , 2
-1.090544071 ,-1174.588759276 ,-930.863841250 , 2
-1.166606453 ,-552.573392205 ,-1070.834452211 , 2
-0.899030144 ,-729.226143115 ,-697.844059442 , 2
-1.472072265 ,-2087.826503904 ,-1897.034102810 , 2
-0.469270775 ,292.151854424 ,-227.823894504 , 2
-1.142804435 ,-1286.675122477 ,-1469.998957315 , 2
-0.811683965 ,-853.238723022 ,-1295.246626188 , 2
-0.558010711 ,-282.613746863 ,-549.346089389 , 2
-1.279053443 ,-1116.142536109 ,-2141.967713002 , 2
-0.815909389 ,-594.839474326 ,-545.541829734 , 2
-1.824425667 ,-662.355836065 ,-1615.843281411 , 2
-1.071076043 ,-696.285288953 ,-514.083400309 , 2
-0.952888790 ,-648.135741406 ,-725.416285098 , 2
-1.027691243 ,-734.994349668 ,-359.083874763 , 2
-0.773127995 ,-94.212911262 ,-445.273611540 , 2
0.186798378 ,568.719294181 ,4831.634247957 , 2
-1.807775038 ,-1872.857013542 ,-2301.279988090 , 2
-1.322415776 ,66.456819272 ,-2214.061535158 , 2
-0.899355547 ,517.153734651 ,-24.397973802 , 2
-1.072615635 ,-727.945932758 ,-1082.469813454 , 2
-0.942744647 ,-852.442934543 ,-950.923230933 , 2
-0.810014730 ,-825.225834993 ,-1132.019573301 , 2
-1.031221749 ,-226.724960832 ,-1143.253603503 , 2
-0.776533968 ,-544.124250490 ,-520.453608865 , 2
-1.430440418 ,-653.032567610 ,-1314.437285916 , 2
1.123136837 ,2381.070241183 ,13376.294144678 , 3
2.091608224 ,3470.329690925 ,10462.541869613 , 3
0.608642058 ,2668.626687464 ,16978.178093305 , 3
5.843266770 ,9297.349622320 ,14188.163015476 , 3
7.294104377 ,12878.057967897 ,80760.261444640 , 3
4.258846896 ,14733.979425103 ,184450.451189232 , 3
5.625546135 ,11212.277110657 ,251202.634072645 , 3
5.065726449 ,10127.312616692 ,70969.468909978 , 3
5.886371850 ,12032.423803611 ,89675.956190000 , 3
7.439937728 ,17452.252286131 ,104516.051688205 , 3
5.518545741 ,9686.636394324 ,87310.222774865 , 3
2.157452364 ,5752.368769048 ,68750.702457318 , 3
6.317497309 ,16891.583461975 ,243775.545804621 , 3
8.797615792 ,15354.830696490 ,428243.634222178 , 3
7.983120622 ,12520.841541089 ,178262.392572892 , 3
3.666017325 ,5282.284612017 ,90510.220865384 , 3
2.520238973 ,3570.699527489 ,31293.627246289 , 3
2.984471795 ,3577.070224632 ,9085.147662705 , 3
9.463137969 ,14573.124966450 ,250737.405498679 , 3
8.391268090 ,9314.879014280 ,272462.492094445 , 3
9.354378636 ,22514.998960276 ,207626.557412675 , 3
6.677255979 ,8565.424647745 ,12803.246151319 , 3
7.577079190 ,9443.862863263 ,20991.750601440 , 3
5.482939283 ,7636.208432442 ,127128.356608922 , 3
6.958714331 ,13950.609658227 ,146753.889594853 , 3
6.285278274 ,11279.251776656 ,118557.494801791 , 3
3.671896279 ,9077.790685124 ,91669.502518127 , 3
11.550878191 ,15456.547280255 ,179290.656444665 , 3
8.341235550 ,13999.288812172 ,212543.741641187 , 3
12.668471772 ,20224.170911674 ,317693.621537643 , 3
6.695638108 ,12502.456752416 ,79605.077118691 , 3
5.532584001 ,10408.795680328 ,235271.089508077 , 3
8.654689455 ,12610.773357254 ,172491.567988624 , 3
17.659681999 ,18088.331169459 ,321511.934738708 , 3
6.071972685 ,13107.260448864 ,185158.948175238 , 3
11.305958599 ,23901.547293835 ,745271.105836231 , 3
9.943711350 ,20346.730431752 ,216236.620002966 , 3
9.503201642 ,12744.335473929 ,350519.653561919 , 3
