1.3114193709475833E8
9.122393701563863E7
8.309244291378875E7
7.992895192514671E7
7.344386478520589E7
6.43145124041371E7
5.646491234834674E7
4.9664694553015806E7
4.72482628047434E7
4.06164824146782E7
3.729791641509081E7
3.45355221337514E7
3.2395764337516617E7
2.8315695536670066E7
2.648355670565591E7
2.551676274218319E7
2.211845609689277E7
2.0074923107462723E7
1.856597982061762E7
1.7843804701768905E7
1.7254749059011124E7
1.4971770490906697E7
1.405646510125392E7
1.1998050085267445E7
1.1204178371523483E7
1.0333538248776829E7
9368048.724273387
8786023.555451136
7875196.205959054
7406396.494676624
6743022.407813759
6353533.022500534
5907033.803630512
5423617.457631788
5163719.304100191
4976992.036330423
4648620.48148666
4204521.727503324
3901717.8800668074
3714815.231083802
3537588.9022005475
3379506.9234248316
3289285.161223307
3112540.6339464774
2985912.4150296804
2699108.5645935372
2438012.8029854926
2180839.78976195
2044009.3358832265
1837287.5338355412
1612121.178297854
1546108.3976603702
1512234.4300872074
1441184.2166558902
1347114.1572363328
1256101.7280359692
1227518.1125190312
1115548.186598322
1001985.5494484303
951572.4013599157
868316.7899006016
833687.1640559792
772123.0042735129
733161.6507793178
699116.4796177723
680202.8844426188
637387.4037485628
609293.4097529276
545267.1203055343
520515.98992889724
499325.51193337847
469669.25449261063
453755.7016194404
419792.1597305619
406172.57386974007
393167.6768817109
367615.667081855
342783.43080262805
318728.4845765221
307962.9738551332
302238.12388842815
287235.13499407715
268626.33056501497
261304.14617861874
252825.14584894505
242026.75248161092
220364.88525620525
211670.98368263405
200808.50568650578
193580.27654355628
172415.9977365176
167543.9101190502
157911.7463880736
152878.20608408414
143515.81784935278
140748.55479983837
132886.3443573529
130487.61021642227
126328.10524532123
121240.49914337731
118185.86441347392
113578.59711899309
110018.58546728407
102798.30928573472
99537.31817061843
95105.01584028732
88986.70370699368
86082.71565068534
81554.78148626609
76831.352132565
73197.97596268875
71238.59012865143
69496.89028489559
67957.18555841962
63759.822284965245
62001.119604135085
57087.048140584986
55254.082222502046
53580.620596336325
51773.96253504421
48538.589114196286
47020.895994831895
44356.00216345051
42194.02991770764
41319.45933741308
40385.61027245897
38079.71377563533
35604.25186705317
33980.416868820954
32428.052359229463
30785.49553002695
29707.848210671666
28731.24729943695
27724.45463445526
27067.56042205602
25730.79734484977
25249.727094173177
23746.2861892046
22186.76628800012
21070.625753300308
20786.448405460837
19197.498431588006
18195.049227393836
17391.337324429198
16766.03682573445
16340.673140968245
15882.47015674042
14844.615045180693
14447.506489763677
14045.981660764279
13585.673827773371
13111.539033613655
12431.405066506099
12112.295331133972
11652.52230165112
10911.537096351087
10520.518082268949
10300.627877791816
9912.730053188609
9256.012316944914
8926.54567281827
8462.851663113337
7896.607300222176
7596.239934181366
7269.155421690451
7118.661596447257
6632.703702960401
6487.834420010339
6131.442092911386
5940.646096305508
5837.298007777208
5478.179091679177
5328.190704177317
5125.111004723104
4669.52054880622
4472.345368536453
4382.890011250192
4156.691027479531
3972.657086059192
3700.347765373181
3541.3574259862903
3423.4839519081006
3332.394578528834
3207.7701635233807
3115.8430626506474
3040.4095609734486
2980.2079946447143
2924.4511580640783
2856.1558303768174
2823.2818757367227
2724.0476736304963
2602.6230599512655
2485.5891024515754
2445.247402126627
2376.2717641661598
2324.06081923127
2261.238878853605
2186.1894343205913
2090.812870732966
2025.0131787045182
1940.7756133672033
1848.4739930534058
1771.3839976371878
1688.0228486167484
1652.047637190819
1555.5412494432555
1526.281798206857
1463.9909277226097
1416.786745279271
1385.0449783969627
1334.0541548525025
1316.4289961386723
1291.4834256988802
1255.944199226825
1192.2590234567926
1130.5396020453802
1101.320600729646
1077.5758680447639
1049.3822958489307
1015.2614837226716
971.6527034042151
932.742390532871
917.3993029151858
886.2686235923214
873.1468216990648
850.5328849926087
841.341003133916
805.3849261304963
784.7388201705415
751.9139567030982
738.2743201112758
706.6488272745803
685.5222634244348
669.3535993187088
655.8699262437617
645.710239028049
632.419724074978
615.2513651379014
601.4883776083899
580.0099736933191
569.6243496996467
560.3430991242807
550.5305903578845
539.6811419192906
523.206687225548
515.7631124511745
507.67129134953046
485.62739462144475
482.436459173343
475.65261441343876
462.14553772358437
453.31726671458375
440.50354909103004
425.97839460820836
401.68503445474096
395.31588869338776
387.26113055164586
373.23906965974805
369.3969450971901
360.2604881441119
350.06249459420775
345.5242578532911
335.0092875795018
329.47980987835103
324.28432126800686
321.47598914438544
316.8140419108835
312.105548966105
308.9301428623582
300.73786686709457
296.0413474835774
292.80784088395467
286.09973231744453
280.80545126425295
272.2859738983858
268.79860490880054
264.564066056632
259.52205736331473
255.18553551777663
253.10125426937577
249.98841052911456
247.0918361824525
243.83683795417625
240.84859096079242
236.69453793651292
232.67577581332247
228.9407496159864
226.75730279493928
222.47766341709806
218.38610340930134
215.39175231623452
207.0172241382339
203.48204426371865
200.71214453276565
199.90341026389476
197.5553691946967
194.67709603809845
193.08794360285572
190.68127539228396
187.4162102768804
184.1821854295961
182.3889872240389
180.80417682377615
178.39726238515186
176.5749622801119
174.49338632805902
173.92209736128402
168.70755965174473
167.60195381542388
166.4120068802729
164.2057908814745
162.8653406439154
159.62252660804313
156.01204960556814
154.01271665401677
153.02543560905175
150.73394956161565
149.9029444829033
146.64264106662887
145.15432956323764
142.0984535448528
139.67122518170726
138.27119486963466
136.51131575098202
134.54938736114016
132.3871614255312
130.09055502616698
129.11387217478335
127.54505609294398
125.83829970593756
124.54366473416455
122.41303680721744
121.75651956528621
120.41212236095096
119.44776762451308
117.49096157264695
116.60099459329787
115.50899170248586
114.7351616374831
111.98773602114902
110.75070067042948
109.63465761912909
108.90084873672637
107.53426994863062
106.01917974712131
105.33574093835223
104.50521496873053
103.85463576357252
102.45179239953578
101.64156925969947
101.3271296338298
100.08150964933708
99.38297726721702
97.94305840359249
97.43673434151123
95.67057077063104
94.55410360362181
93.25674192193905
91.61078653572245
90.75859208611843
89.12179977346715
88.23165688670665
86.89563360182663
86.66307415994633
86.26288936040832
85.25912519057856
84.32261352978904
83.75400860032511
82.10275544628372
80.97484160994334
80.79731298952952
79.64055015135855
79.32943012572211
78.62139671501784
77.99077211735492
76.95643133593286
76.63477606740602
75.40921170311348
74.61007408249552
73.75158432592313
73.29050532008432
72.45512882332363
72.07019531514817
71.6148437007836
71.28845857123702
71.0927494980268
69.2763541872819
68.40402000309773
68.13577516600351
67.4697898955561
67.15060046503092
66.33839237886285
65.51074132429838
64.39495810059283
64.07426979832191
63.12931819622749
62.24364981401661
61.81662858282196
61.24991054526266
60.435282236770746
60.05364264089079
59.28201479860594
58.88443270237304
58.04911307822135
57.711221450072344
57.394599608933724
56.5537969292366
55.74012856355633
55.33119324705026
54.95304368038253
54.28759562556817
54.07237623350393
53.5610503899283
53.366751082553954
52.18420892655183
51.67870910648518
51.43563384227973
49.79264059239209
49.37572793464829
48.7823585199343
48.322765630280635
48.08797653990481
47.93949591640728
47.37465934613919
46.69978074781781
46.41783010273481
46.1505611591846
45.23255917999107
44.53895908451788
44.150964076696496
43.8174144895705
43.5868218301645
43.00378524866669
42.69644966476182
42.40898959912546
42.25848603780313
41.95171830923703
41.89926896296308
41.314117063080495
41.11187874462774
40.978137262212606
40.318983672129505
39.54380852503573
39.2291872059127
38.88540637503313
38.518119821922646
38.294038093471066
38.02404536796424
37.696707858594415
37.49587541275854
37.3502960164852
37.13128888547508
37.01547607395913
36.95498624020709
36.690155239116606
36.36195869777386
35.98344799921135
35.89629444730473
35.74712674664059
35.50751177696508
35.335031940124324
35.2042397929332
34.57751062712388
34.37838255502179
34.24369165574486
34.004070042375055
33.89642276550248
33.54957753656046
33.337035676116
33.14177381828332
33.027560462305544
32.961982814080095
32.59894156238521
32.497111368843974
32.35743599844784
32.09075490705181
31.95002153353078
31.830583437171413
31.720656827553324
31.515160621000074
31.339652879849062
31.25397205107638
31.190401801779483
30.971890319942773
30.800764095354925
30.607823062151443
30.50723761546236
30.167255912201927
29.574391907025618
29.43928850797649
29.365546727521853
28.95737480576738
28.892545280914
28.764017986048202
28.679403492173495
28.559785799605034
28.47327393766539
28.322728423985165
28.15042199709285
28.022561857358642
27.826130979084738
27.588634211472296
27.44983950498013
27.299989663007075
27.209287400793208
26.9363408264251
26.8094509869125
26.76358464787148
26.58585301762813
26.4279631638732
26.283214363564934
26.087705795153003
26.023942256585563
25.8513325996536
25.675597188406325
25.58180066780786
25.483881739656493
25.39860693404727
25.31306733146169
25.207430799554785
25.02569382176195
24.93771610696594
24.83741175449925
24.70833011932725
24.65986074200104
24.467496537258935
24.226073490942003
24.146231116014864
24.05428795298763
23.89268120480131
23.835328026466588
23.8170937579293
23.715522049781956
23.656963730046893
23.609109651472366
23.5672451388154
23.508750078524
23.427222202478962
23.23455875445842
23.172417183016297
23.138683481135214
23.0679287040094
22.9891235249158
22.89497934654573
22.873373937219068
22.8280225927043
22.67539076261804
22.5373916192655
22.48108318744793
22.454217064126283
22.123267985643288
21.983904221582964
21.89771490579447
21.732803510772865
21.71536587903555
21.559660919298167
21.543069489440803
21.445262255664794
21.42476499852291
21.377099943496695
21.248595412846832
21.21289268589391
21.18083106602684
21.130757737536143
21.065686370979336
21.00667970689749
20.9360237946947
20.822547147481654
20.676838767487652
20.62913575519586
20.533344939994453
20.47504834643083
20.399267869491204
20.32198640095398
20.276310515331296
20.218133309540825
20.207127675604003
20.164260797468465
20.139659183386843
20.112345568398474
20.07651119688111
20.062185060717077
19.892340438087913
19.851132364778998
19.815189111464893
19.806241998415796
19.684886209282975
19.655490353221094
19.587077861222834
19.560615818806514
19.543897718924068
19.522734456047825
19.483449726273882
19.44768204796169
19.41982803289562
19.36597544634269
19.34540097389585
19.276364584608903
19.179289078391616
19.160032715924203
19.091130305343494
19.057536078687395
18.99417028470477
18.973199722234956
18.94826968973733
18.84245921873861
18.828465329083233
18.81362033985455
18.730153053703493
18.71497454973564
18.702021196040167
18.658885883658783
18.60806932404451
18.574399644627412
18.550303129273328
18.533027562165422
18.485316849606622
18.47412535167125
18.433488667196894
18.418136411718134
18.408754586987797
18.380931977272734
18.340489806883536
18.325858295930058
18.29454902257078
18.261434839557786
18.24562485261298
18.221933460393355
18.180062243764734
18.14693667443437
18.13087618416797
18.113855266141694
18.106119869444136
18.093475206390796
18.07401824483627
18.058735856818714
18.0060274854968
17.995868767906934
17.98626726805205
17.95634651934741
17.943465086860254
17.93530048068451
17.91821225217372
17.90930735531086
17.896876411047437
17.885927946750304
17.820413756259306
17.78716408406047
17.77903218602994
17.769060002821856
17.746639992314297
17.695677674338885
17.629178896998486
17.53169118935847
17.508766616239587
17.406287245825542
17.347280671417874
17.293196824836887
17.280623560869426
17.195896227720635
17.190799079468306
17.070621997709985
17.066644211424705
17.051029790834892
17.01053568018994
16.946980391750536
16.940022032658582
16.868618237817824
16.8657392598307
16.81251646839648
16.77814018180931
16.74950340994891
16.74511272339595
16.676834109202396
16.66715720305897
16.657945032703136
16.594871241814907
16.467200223124355
16.456525943024552
16.437578062245404
16.366668850022467
16.32057043928028
16.265991501191763
16.249410141024384
16.215192312545124
16.189493781232045
16.122815273420162
16.088728865939917
16.063797987673436
16.049007884282254
16.04650242725187
16.044101636659025
15.99892983028097
15.963754132456057
15.956743469415388
15.843868572407871
15.83773383930183
15.83508464386163
15.825202474605218
15.738346904430983
15.730837457639716
15.721759196660381
15.687192802698625
15.684179227693042
15.625070922440493
15.617675568725016
15.5953563148027
15.563233817671456
15.538527951396441
15.520819658074693
15.498215639750716
15.45973787159661
15.441948062385817
15.425510874592606
15.404420573521694
15.292535726510511
15.277817117635923
15.192824028922821
15.081590465567626
15.034499425315113
14.905184174852016
14.903566615052728
14.872630375076142
14.850404707483
14.826781410281036
14.825242683944705
14.79426487688202
14.735050928100494
14.730053019517868
14.72861259270268
14.684779377755593
14.680747524895533
14.597345290105052
14.593281498854363
14.591156343383037
14.551703296591338
14.55054334644722
14.53966532095286
14.533217251581082
14.52305017854098
14.5044405902948
14.38965752552386
14.386389970618298
14.383176630715077
14.382458266085912
14.342715212905858
14.341690498024754
14.329240533011118
14.319967349848419
14.316016289081237
14.313502747529782
14.308334599422265
14.30045609174295
14.297739409645134
14.293458699368522
14.289088330770914
14.276125666817551
14.257832022617379
14.256776341106665
14.255045574816581
14.250100783189374
14.248837432254168
14.233620884356268
14.231251843094674
14.203062295186614
14.166217942136917
14.164023507881843
14.099894094601105
14.09153399837163
14.09086928359408
14.075025991983603
14.071525655390902
14.061978484098592
14.043022718488803
14.016265352400875
14.010807389694515
14.001950539354198
13.970253467363003
13.919412249610529
13.910526574296755
13.907410979989304
13.898734712509537
13.89703270341156
13.878877837522339
13.876040726771025
13.873575558751678
13.844163263335979
13.811228145740825
13.784879727735303
13.741941906040726
13.73767889760675
13.723190981049632
13.713840963620052
13.710642942334351
13.70892150656238
13.69849175338899
13.693190297234732
13.691559989989402
13.690440011509718
13.681656600444326
13.670323583827871
13.668220428384878
13.665062105713423
13.64309773537631
13.638789693769032
13.633534341113984
13.631084903312955
13.62557329339337
13.60669828399844
13.552314433010105
13.548210387316301
13.544095220586364
13.501491511893594
13.499497474138375
13.497451406429834
13.496238819355684
13.491695432899787
13.476437963219277
13.473012080856863
13.459494546459142
13.443488236326946
13.419818871373874
13.418338831117685
13.416452816906132
13.412952845816383
13.40829264721247
13.406579571317248
13.405594250722597
13.404093620207808
13.399261699417563
13.394825939503933
13.382580485301245
13.351419977888101
13.3387998383852
13.317186424141648
13.297481494167526
13.276503421108389
13.254522118476466
13.239801651206566
13.197778444038118
13.171671335650073
13.16911718151982
13.167209715162285
13.165699757619555
13.148889448509767
13.121410760810964
13.10091645806664
13.098312356914846
13.09680706253196
13.094401373069227
13.087685371520859
13.062741932427071
13.048693862703292
13.045482053843573
13.034860868377704
13.009116577372827
12.999691458587645
12.981357982740727
12.9805361144661
12.978060753594322
12.97500807941542
12.968211779571382
12.966545581622187
12.960519123264923
12.956250418723084
12.944223339795803
12.934084642943485
12.926804536840343
12.919204110089431
12.912796946021661
12.908101062741562
12.905974076699632
12.90273361089139
12.90049411610686
12.897927219762755
12.887629893335394
12.871942184467164
12.860771561948201
12.856519967169472
12.855752089258118
12.8521861273439
12.846577367161952
12.843385890531527
12.831313156026122
12.829417403563621
12.827831448251795
12.822037427950091
12.814599834157118
12.811772541031063
12.807925758790368
12.806820473608969
12.80579016710193
12.801343737138804
12.79897969802389
12.796212305176805
12.793762262087196
12.790058245135288
12.784921339478414
12.775852855492767
12.771826542763542
12.76447068810579
12.76258555337043
12.75506890489263
12.753940884855751
12.751477990582572
12.75007569495985
12.745357862058023
12.74239939653475
12.73923495962412
12.73804741835836
12.73170562095509
12.730201620748518
12.725333249598146
12.72375810769798
12.720040573292177
12.71557793511474
12.712149678689324
12.710567992415632
12.709315123146748
12.704443536909336
12.703128146203088
12.69689035225027
12.69600487149493
12.692178124949349
12.691732939420577
12.690739097923167
12.688367550483097
12.686175693734835
12.68511169808724
12.67838591527273
12.675255710875634
12.674138392074497
12.671056080960424
12.668513866820483
12.660186834733253
12.656592904222105
12.65497455505402
12.650049310084322
12.646232424162827
12.633207194356686
12.627755688857926
12.616636688024977
12.606576692814059
12.596955274369561
12.586479823127705
12.582332833407547
12.562697135272142
12.54390059670899
12.518586085050432
12.506821999822458
12.503781483403701
12.499480071788843
12.477505848466985
12.444054349411765
12.442718380639016
12.440269858328039
12.371247385519194
12.370268169619
12.368950924306574
12.349803254886401
12.345802872788765
12.344237108710566
12.339764859546927
12.304717350778208
12.28881092393664
12.264339007709257
12.262383561345352
12.257056877540489
12.250974489076206
12.242409308142525
12.241664262399972
12.236788239953542
12.234678222557873
12.217405058604628
12.200701815448243
12.17306336594792
12.139901361595317
12.119318797954032
12.112474120485496
12.109272366541072
12.103079986859473
12.095011627021957
12.05660940680675
12.05513519055525
12.053373911421653
12.050504377247007
12.048502039282425
12.034481849430323
12.02604104794696
12.023917914350966
12.021339926032967
12.019445407794416
12.005955171380629
11.999391210379985
11.996780731089991
11.994657653342534
11.993909001808381
11.993056151302644
11.990612863270819
11.969804864728276
11.968227895042325
11.966618927003191
11.965761165784018
11.96312963376822
11.961876355063714
11.960129799886074
11.958365091878528
11.954117974109845
11.953430244234147
11.950775124912537
11.946953165996266
11.945382854229196
11.941740540217777
11.940309797688721
11.933631126948532
11.933043728974484
11.923928535892806
11.921910944133325
11.921335185136419
11.919441233051426
11.915853059125789
11.911863644156458
11.911236826197365
11.904981465134693
11.904360586898049
11.899775919451649
11.894359288967754
11.892906130178451
11.891691087781437
11.889709823212417
11.886441537933019
11.88535460973846
11.882716477822935
11.878506902360522
11.87547319576488
11.87231599741012
11.8687749371564
11.8667271395421
11.863973957708914
11.85960900835071
11.855232623262143
11.850727439841036
11.84639860665859
11.838193125191804
11.835435585400697
11.832808873727512
11.824262986107216
11.821126510869636
11.818464823604895
11.817196516714946
11.815971790653899
11.80905929463295
11.805716692798406
11.799172251340496
11.796925072096059
11.790173539291402
11.78407397266396
11.775830438666173
11.773691333473874
11.770406205549884
11.766266879187125
11.7653067664728
11.76095251348723
11.756129834642909
11.753242057903936
11.750506598318625
11.746832461482771
11.743688941853948
11.741627729006852
11.740762219525179
11.737047369322541
11.73577001482764
11.732724272630081
11.730719829779817
11.728327108838537
11.72609136844448
11.722121069921116
11.717876483160218
11.715233030948326
11.71332101611232
11.711600134002767
11.70895648524941
11.705579090379068
11.70263580203538
11.70014825413197
11.697894151935289
11.695473576947625
11.692231311273465
11.68977565827794
11.681034622157348
11.67945022629557
11.67491196236094
11.67000446774481
11.663824195411248
11.657588191083315
11.655287048200318
11.649958110614778
11.64734088262582
11.642257577772348
11.634711934452119
11.629533002719723
11.62277759995637
11.617292671033216
11.603663688393
11.59635547862356
11.589764652189272
11.586631387216416
11.57452491072798
11.565646579688575
11.563693825341055
11.561827605844844
11.544094156819472
11.539805403629277
11.53794126355301
11.5368819878918
11.530286734280073
11.527643527808406
11.52585253475005
11.52461965182793
11.520975368796087
11.519320989881573
11.517124735245565
11.514507545252517
11.511274903021457
11.50946095409401
11.506865426237436
11.504836758329636
11.5033905783101
11.495996546693215
11.492669708590505
11.486787099907495
11.484943761228847
11.483710656335415
11.48042128488623
11.479355275883561
11.47634719413987
11.472514285904689
11.46787505476642
11.466942713643432
11.466231079752069
11.46471900550044
11.462373049115682
11.461369812448464
11.459962243815825
11.45881458194446
11.45774313948181
11.456326326559372
11.455024323040037
11.45300188195966
11.451947682925695
11.449883254267117
11.448586429831474
11.446976984237782
11.444556147479117
11.44420683470315
11.44211673887864
11.441226817269353
11.438494944479174
11.436174016131242
11.434720641276723
11.433047720247545
11.4320870449591
11.430043741601827
11.427811009963442
11.426547406023644
11.422442867515008
11.421295317102778
11.419748230650224
11.416322646076175
11.414368052007779
11.411984030006439
11.410601109240519
11.410006005925089
11.408474276637396
11.406059029640677
11.405573643732149
11.403812433005815
11.402852042056196
11.4005606472118
11.398906741220406
11.397703713262159
11.394233984283087
11.392611814945282
11.392176048206657
11.39061579339115
11.388572054547293
11.387077901032816
11.385537151617735
11.384805279536149
11.383117333544297
11.38237772244472
11.381886749694125
11.380348080474244
11.3793979882441
11.377650040965422
11.374519605594303
11.373446950739686
11.371982942469854
11.371385292071409
11.370575653521241
11.368540803391708
11.365340693731843
11.362172599256999
11.360241650188648
11.358027953496316
11.355940310635727
11.353416536590123
11.352658462899917
11.351301311911662
11.34998393221878
11.348692251503246
11.346682488911648
11.34356105679112
11.342015866111137
11.339923987052538
11.33856711462825
11.336480945671834
11.33422223363732
11.332498181185333
11.331233032921364
11.32920859130217
11.327251711205845
11.326734904125813
11.325356087078164
11.323729594092102
11.322149043578646
11.320876158518749
11.320440756750306
11.31765890128982
11.316526714908802
11.314575013771723
11.31380054883004
11.312498143476622
11.310753526362229
11.309060849729635
11.30832515867868
11.306974045735188
11.304110790529377
11.302714461831474
11.301324748728382
11.299411741451198
11.297729107650287
11.296884008960609
11.296306621189277
11.294261113109165
11.292530501185142
11.291196418947013
11.289348062564663
11.287513911272745
11.286461625476898
11.285589687606963
11.284713981082826
11.282982114873906
11.281187960097112
11.279175853729503
11.277344129580646
11.276184765840798
11.274956855715544
11.274118970186892
11.27266344934038
11.271580744592287
11.270034050723655
11.26851888221137
11.267897711122666
11.266982760136708
11.265692473441474
11.263811748535039
11.262727965244292
11.261116026773
11.260577104040207
11.25978061994084
11.258186866519791
11.256026853745494
11.255055182212658
11.25410367198418
11.25346322570499
11.251931773887756
11.250563264665832
11.249311401017485
11.2480033087721
11.247042215379091
11.244883660804277
11.2436751512736
11.241248094701577
11.23742189740826
11.23640287360197
11.235340230220464
11.232208914049181
11.230188864149646
11.228759562020029
11.226940356923821
11.225964214802897
11.224043416524216
11.222142869699265
11.221020306511624
11.219405503425273
11.21749186593394
11.21621042657726
11.215169168524909
11.213433712937254
11.21218152683604
11.208617826394216
11.207330334985077
11.205745743976548
11.204921683308104
11.203754030132782
11.20307236641766
11.20239693670518
11.201517720621244
11.200152963613387
11.198554826021706
11.197635736550545
11.196121436680464
11.194673154168951
11.192580162001326
11.191908550201608
11.18951710805373
11.18832729033969
11.185864112313073
11.184263296423877
11.182633623690432
11.182041697879685
11.180711953546144
11.17937874990738
11.177925282472778
11.176806806839576
11.174584409249269
11.173121695315926
11.172146298760135
11.170945294921374
11.170163844939482
11.169037210244806
11.167834664387088
11.166595483231864
11.164710798605885
11.162485771692575
11.160297668675366
11.15851226123442
11.15758904538406
11.156839618840811
11.155032575464848
11.153920684495372
11.15267873921969
11.150816743185386
11.149580546804327
11.14781689495185
11.146898212486185
11.145290935712701
11.144529503383476
11.142947402493453
11.14145864715916
11.139655515334807
11.138684826376247
11.137141825055862
11.136293008887662
11.13525360216639
11.132972458893914
11.132297402772302
11.13177421845973
11.130307710087722
11.129657544864278
11.1288894870202
11.127385587148545
11.12548177910017
11.122813597116114
11.12162774951383
11.120455310817947
11.118945447933385
11.1172024260116
11.115916826598703
11.114571949589866
11.113677725867156
11.112493238498748
11.111387242955475
11.110607134786786
11.109601550537606
11.108719379136735
11.1074025632528
11.105927502228953
11.10462311143149
11.102459914602791
11.0993399313222
11.097514044458562
11.095974603969836
11.094603626854385
11.09347094867912
11.092331765557539
11.09047344073776
11.088488608111238
11.086107986423634
11.084567891621218
11.082153695194933
11.080196063417112
11.078603743827214
11.077498929234629
11.075316194626756
11.074182387487223
11.07346367347921
11.071285154021831
11.068917377420124
11.066740688785613
11.065689868738678
11.06489897160664
11.063697744594185
11.06213382161784
11.060985829273697
11.058020701111657
11.056462388429319
11.055657577000849
11.05361561645128
11.052340939045516
11.051517922152671
11.050577736680513
11.049512740652457
11.048559764735591
11.047270688215098
11.0465462050963
11.045030532252609
11.042971145059699
11.040946928474142
11.040533834690631
11.038899447419231
11.036949853512223
11.035162374544173
11.030779009616161
11.029726879378423
11.027960677792695
11.026083670192543
11.024846076588377
11.023541591027845
11.021817142238683
11.020383527374285
11.01866955142425
11.017574782894116
11.016786808452006
11.015909498250666
11.01448939245497
11.01303388750921
11.012271923334266
11.010817922936774
11.009748041319293
11.008089615496022
11.00676215328399
11.005039166157237
11.003494706646595
11.001523324754602
11.000027010713742
10.998712821517602
10.99747457430991
10.996807307374231
10.99436657006232
10.992708155872249
10.990911507787168
10.988554492754295
10.98800996434273
10.986787310307104
10.986100554237742
10.98480651690475
10.982598768631672
10.981678222870366
10.980398405006957
10.979767210531453
10.979186647527202
10.977253208378304
10.975400715829249
10.974448241632299
10.973185319883212
10.970837766207772
10.969754770249956
10.968720299359676
10.967322643496251
10.965509159988406
10.964791911111092
10.9636091907501
10.962818817617343
10.961320653379772
10.960634488465638
10.958751984429162
10.957252735883428
10.95633894379061
10.954486592306301
10.952178259441228
10.950929056883474
10.948843356954729
10.948152874485617
10.947209623787552
10.944788387387767
10.943511222670312
10.942288165710863
10.940155701123086
10.9388980802733
10.937614172048221
10.935438564075774
10.933929515701667
10.93147959506083
10.929844926979854
10.928719705925374
10.926433940084967
10.925890826580144
10.923300881254079
10.92168827812265
10.919928310518213
10.919071766731504
10.916688321413405
10.915046407703665
10.913826592965753
10.911870815726532
10.911011747991372
10.908968903521458
10.906787065644176
10.903617093123087
10.902531447497825
10.901174522996666
10.900451630617015
10.898788730449064
10.89682028715371
10.89538448588512
10.894328054774826
10.893413635909306
10.89241055291207
10.890872896303392
10.890053445037742
10.888916378164254
10.888207254346215
10.886211808362443
10.884337183950542
10.881964296762915
10.880934099033395
10.879038178555184
10.876999558043146
10.876049226892555
10.87443840390105
10.87354947033201
10.871926999935743
10.87075181694436
10.869634826232858
10.86784161850096
10.865955290895965
10.863834159013344
10.861021898346513
10.859994137863845
10.858890475798782
10.857053408705575
10.855637451781591
10.853957064006265
10.852075502545592
10.84819136290818
10.846091268135224
10.844811575207851
10.844187369994737
10.842686046006085
10.839735486713728
10.838685708970342
10.837484089606827
10.836266663724427
10.834782218464879
10.83316876565617
10.83102999723247
10.829694025154712
10.82734487744386
10.825483151934618
10.824048486203278
10.822763705259707
10.82139422674834
10.820835516849893
10.819785443196231
10.818096358403217
10.817132487321148
10.816331619107922
10.815091771049453
10.814087550560723
10.811959488404757
10.810722446317195
10.808992980969752
10.807676917691403
10.806312505262083
10.804856642442696
10.803892096164079
10.802025461880874
10.800230097001581
10.797813164617743
10.796285380717087
10.795683951064989
10.794597686328524
10.793247031722405
10.79128820493926
10.790071078564946
10.786956651311936
10.785508881797274
10.782444452964866
10.779851863028087
10.77792064942671
10.776939606266021
10.775105351583912
10.773970480252826
10.772143797086102
10.771422234483017
10.770491874244476
10.768973336150223
10.76713723852165
10.765185814005617
10.762981300283807
10.76194856974295
10.760572662195178
10.759708813342627
10.758653583503694
10.757011258279814
10.753905091449411
10.752522681587491
10.751771037941436
10.751244365327246
10.749085333278556
10.748228290953534
10.747769990645926
10.746966892689974
10.745671963225641
10.744375898544456
10.742084090946777
10.74088573147036
10.740284549626532
10.737917999291689
10.736896595153901
10.735252149566522
10.734386012800089
10.733291568989223
10.731596485528963
10.73093919131581
10.729410278056287
10.728194577553928
10.72638304113062
10.725404887372488
10.724080108204067
10.721931493600259
10.719521601196965
10.718444859712
10.717198625458662
10.716720407373865
10.701356914943586
10.700036842725213
10.693467181204939
10.69124212013167
10.682913564657778
10.67771061008804
10.676241823441249
10.662308880353565
10.655544714133622
10.654215550348544
10.64985266474102
10.644630008331594
10.642918245533213
10.641358123331237
10.64010511416885
10.636092628167523
10.633728960073134
10.631154874881537
10.628501038535513
10.627370126763502
10.62520817014566
10.623784194752686
10.610221747644022
10.60139271899087
10.595778691037316
10.595106288856236
10.593082352884032
10.592488549604516
10.590988077969692
10.589837556112368
10.585912736121232
10.571405912450064
10.570199478269114
10.56926699647015
10.568635294536408
10.567869256563037
10.567077927009938
10.565429077379605
10.56407107965136
10.562575717728581
10.545805406106352
10.544515166963874
10.542986225067738
10.541337548727286
10.540329134925704
10.524353867737288
10.523002208316848
10.522303134577134
10.519755176548879
10.518705383932339
10.511104637400837
10.505505754658687
10.499554499971264
10.495262532570651
10.492274379939158
10.483113474977717
10.482318290130197
10.480746660186918
10.478752514088535
10.478198041185916
10.471546994594457
10.471095601359897
10.468293081423678
10.4645810773707
10.463226422099387
10.462758881129819
10.460959592610049
10.458282606933768
10.456499746342669
10.454839747782945
10.452951201189498
10.449995416602814
10.448150463689277
10.446257313104983
10.444806211344053
10.442548929147456
10.441498634701619
10.440558823936039
10.439824133104363
10.439142347508525
10.438161967782937
10.436503468843295
10.433239608953151
10.431439389646675
10.429181488834425
10.42865127819021
10.427891836411094
10.427089997514507
10.425493359933228
10.424689684405307
10.423578645083207
10.421006543307914
10.416983217250678
10.415912457608734
10.411275557479335
10.408652533678206
10.40728784197403
10.405809973868225
10.404613876780507
10.394963613020904
10.383909145599281
10.382562252396413
10.380824083571854
10.374350600534077
10.367674241252299
10.366469796638729
10.348112845001772
10.332676099603615
10.331232123185199
10.311358176952782
10.308288137114081
10.30653243186263
10.30491421006774
10.303684458476782
10.302598453915925
10.299956535062616
10.298315915215282
10.296724176460456
10.295993548970674
10.293754789990718
10.292334738594299
10.2793818381912
10.258881042769213
10.256721024867469
10.254324297704347
10.251419997249469
10.249697591604184
10.246073708059772
10.228974704231243
10.226740708508315
10.224402096599652
10.221583767401619
10.198270339840935
10.188658649214979
10.182861086306115
10.181295844879772
10.179817654607463
10.168123965719111
10.166380848667293
10.163312924682248
10.162188873461082
10.159397856808413
10.150852185014427
10.141885463130844
10.140252473931074
10.1389732503654
10.137805062877637
10.121503137193427
10.118190683615845
10.085180850166328
10.082449233938265
10.080625873633881
10.053577602462719
10.052128174828601
10.046152910005098
10.040225388324503
10.037502112882581
10.03598481282897
10.021921660280691
9.998912004943742
9.998053241258722
9.997099469542821
9.994562796884104
9.982499089313631
9.980329347201668
9.976719555733704
9.964967324179296
9.963032180955578
9.958248561423378
9.944200088257283
9.941804038313569
9.93235740381191
9.92992537109279
9.92858739337314
9.92396063610717
9.915901794676476
9.9147261502136
9.913286634603427
9.911525800405697
9.906518898737131
9.905264528095783
9.898248392525165
9.896587138332551
9.894362520914504
9.890612421879874
9.889263860795277
9.884186003080021
9.8832080320293
9.878336015511229
9.87664825945551
9.875137879157187
9.872883550190073
9.868003436873407
9.861766908761783
9.853399526968989
9.852644172801922
9.846478706978697
9.845249178755353
9.839158859005787
9.834483477806367
9.832922018181666
9.82725351149267
9.82267455729268
9.821962708184532
9.820242462736879
9.81929371323492
9.811640051155202
9.809957966767616
9.807019759337196
9.805570514751063
9.802508855614755
9.801142307723204
9.799656444878604
9.797279916674382
9.795431486000385
9.791144859589075
9.789014445832247
9.786006004776258
9.784347753693956
9.782542430012453
9.780423520680284
9.779786294722307
9.776977913249464
9.772784381200669
9.768848632751986
9.766019788024307
9.764037611364868
9.761686981622548
9.759463167643968
9.75836901687501
9.75616628419087
9.755077771629562
9.752410018523111
9.750916985076735
9.749011650042311
9.746469803385233
9.74484537426796
9.743306513373541
9.74113891024789
9.739981674380996
9.738398333759537
9.736897165441855
9.733410924663378
9.730844562745716
9.725200479689375
9.7237374452957
9.722637197875345
9.7206171730254
9.71878241436874
9.717579572924622
9.708337833467578
9.705277614853365
9.69055463895096
9.688806058356068
9.685861477658984
9.655078416152232
9.653076392689131
9.650304572025341
9.647773101687049
9.646537165064434
9.640312821644649
9.632504355912427
9.630828264075278
9.624948835273683
9.621723231445712
9.61470229261444
9.61098387935605
9.610291407928099
9.608448702061855
9.60703144546322
9.59827686165633
9.597101730876348
9.595465017491989
9.59273439151504
9.57597886353812
9.565996979062907
9.564021248548023
9.563326730565526
9.561596641370228
9.56014920335283
9.555590855938988
9.554413260981875
9.553672542448584
9.552272775303443
9.551017348727601
9.545077122963143
9.542635137893692
9.541972307650195
9.539746108204564
9.538085399658927
9.53591187862218
9.534106144847424
9.531035570525724
9.52426884998058
9.522881165167622
9.520527046263544
9.519656511243404
9.517434435441611
9.515560494659772
9.514391916460186
9.51304896723114
9.51194042930752
9.509686788727318
9.5083437909467
9.506062897090978
9.502006747211315
9.500158270539337
9.498119589689821
9.496056103776777
9.494184227320808
9.4925296767711
9.491373702556855
9.490355143236844
9.487790423593975
9.48631363463674
9.484443629817541
9.48359772717395
9.481971054519672
9.480155365764201
9.478037278670591
9.476508275168339
9.47433576281009
9.472888644767144
9.469465214118939
9.467411409071664
9.466497394990718
9.46521939328511
9.463133059769882
9.461630176114827
9.459300899294199
9.457034603670548
9.455541600287301
9.453616731623027
9.452718980357194
9.445956640733822
9.44535876332135
9.444739967554428
9.443683414311248
9.438943185703886
9.43783389017046
9.43677089513856
9.435334834433567
9.43112588813466
9.430526801261587
9.428114775043925
9.422412929966322
9.417887168016845
9.415297789343516
9.411537086602218
9.40980528126283
9.407479046862361
9.405524811214622
9.402717173245161
9.401747129155035
9.400475525354107
9.399830368066642
9.398985461571678
9.39714303959526
9.39546897339329
9.394540500002277
9.393612456639845
9.392450654783765
9.391253051865688
9.39042124881056
9.388853680800874
9.387907646475929
9.384926859112511
9.384086023406553
9.38110188085402
9.379520254042204
9.378447461817919
9.377563553450846
9.376389160346832
9.373833810120852
9.370872552832685
9.366837376127057
9.36633820149495
9.362718474702683
9.360815463874882
9.350464855378766
9.348274124272875
9.346937595349646
9.33785671924146
9.321800922978914
9.31067738664141
9.309139176240604
9.308075989053751
9.306205808855534
9.305079072137609
9.303468510635374
9.302816905817165
9.301562171823935
9.2999823879831
9.29562172352975
9.294553286216404
9.294101557474724
9.293667172539298
9.286417555575074
9.28470486761495
9.266306184003225
9.237527961853885
9.236506820727156
9.234305184029553
9.232728069097753
9.23168945973861
9.230525277228073
9.217761463651424
9.215864354413535
9.1922067097166
9.19103679783145
9.189526521171448
9.179719028440044
9.172353303299428
9.170279685557437
9.16915729171203
9.160816902435378
9.159854317631794
9.159062645661525
9.157632234811201
9.156382147657999
9.154437589332446
9.150266541096777
9.148035315918383
9.147269059334315
9.14620350983101
9.145777307098374
9.144013661547556
9.143287854081422
9.140922398275931
9.140020135218048
9.138478207348548
9.133637450419984
9.132030776106228
9.130466251108137
9.122782480787162
9.120658148457755
9.118608243138432
9.090280095088342
9.088228079961308
9.086708425291011
9.084913691852188
9.084025140880344
9.081392135386755
9.077321412471454
9.075937731806368
9.074103672798493
9.072435155194585
9.070812018226574
9.069644544868206
9.067759269719089
9.064027282697365
9.062746135542223
9.05656446157693
9.053530067212849
9.052324807530283
9.051094427819212
9.048807481858223
9.047533080544925
9.046835247954084
9.042716324613412
9.04106653950028
9.040314630610961
9.03766678406755
9.036194422374388
9.035505281694634
9.03153444897339
9.029929774269347
9.028094485705083
9.02645874558509
9.025097219161214
9.02220105986877
9.016691374403715
9.014948370656747
9.011745680554009
9.010416828365216
9.009209181665444
9.00893262273404
9.00752071447318
9.006231873799187
9.00441877321751
9.002772298367184
9.001892145141314
9.00070259461739
8.99961495639995
8.998693128616232
8.99679788138955
8.993589110285008
8.99223913095975
8.990354698305039
8.988452036795396
8.986863270229128
8.98604252466347
8.98368111289793
8.98145242530232
8.980853574517317
8.979081600890689
8.977725359576747
8.976938244083122
8.975723905331929
8.974743784284348
8.973593074286624
8.972060250625743
8.971363933648535
8.970044510024541
8.968842112012032
8.967496925172618
8.966777790846802
8.966095470724392
8.963520362255911
8.96197186472959
8.960239749180987
8.957932404069085
8.956739158868722
8.956078292777105
8.95445535546274
8.952303984862821
8.951129745948245
8.948595633133634
8.947035052538647
8.944826473855802
8.943280059599397
8.941425446009514
8.939344506144616
8.937308831699251
8.935089118152254
8.9335678468274
8.931762994887082
8.92831518500725
8.92695341477294
8.925751791275054
8.923162884396147
8.922224708713456
8.921559509242522
8.92065742848327
8.91985216075798
8.919093616052082
8.913489041694474
8.911936230721443
8.911269542855205
8.909487733648591
8.8956659919218
8.894848677340194
8.894177624887023
8.892507848805577
8.890720467248553
8.871284099477748
8.857690489755306
8.85625310471414
8.854868411458629
8.853787883530915
8.85238812020008
8.844163171437323
8.84213503214651
8.840931984853352
8.839520060291514
8.838177363265594
8.835944795393038
8.831348300236401
8.827002529577255
8.825101962333555
8.824594890201322
8.822794432162663
8.81830540544098
8.806247502448434
8.80525314592528
8.804125735227428
8.802668702721014
8.795295404352213
8.794363260394801
8.793171138513264
8.78925266395509
8.788340214583494
8.787316227860869
8.77969906429838
8.778372643031387
8.776160288024878
8.77387457813734
8.771511779614801
8.768785257512564
8.767531762506003
8.764867583253116
8.763697603463731
8.748530312284185
8.747812594774311
8.743267067373939
8.735204335511352
8.73463524826497
8.733721200402796
8.732142384118381
8.727947317235836
8.726740049186676
8.726356125618347
8.722826685466726
8.72166680190127
8.699278792661584
8.698253251779079
8.69444171621033
8.69362951609594
8.69259673686842
8.670190670671252
8.663561442095803
8.64116968804742
8.63936725747819
8.638907878779227
8.634696893480688
8.634058260230113
8.633082374677874
8.631810632135288
8.630731257862111
8.630401927347862
8.629359639960082
8.62751259475961
8.62649245070978
8.625453455879319
8.624677502406339
8.624016081436622
8.622641141246246
8.622093830564204
8.621258816164861
8.620550449956447
8.619005072421622
8.61823342779752
8.617865789031981
8.616304304462943
8.61543526996467
8.61462226696632
8.61379696309422
8.612772468446645
8.61203967652943
8.606816509050038
8.598226462775642
8.597596846437142
8.59642273247996
8.595828169070627
8.594768621184365
8.593648798960533
8.592866689642134
8.591731224666507
8.590942911851204
8.589314611705323
8.588813348306436
8.58791458921464
8.587034730065987
8.585743550202471
8.58520570272227
8.583762672726698
8.581195024547442
8.580732248480048
8.57985254717601
8.579099527862033
8.578045253252144
8.57731234118205
8.576238136724895
8.574622418355775
8.572845638094083
8.571239325326586
8.569835837921591
8.567215717810988
8.566395858254785
8.565720711403863
8.565214734055859
8.564000810286775
8.563480833752529
8.560012079642474
8.558512590373073
8.557533616819061
8.554752328481534
8.55404657122129
8.551525962653054
8.548072276734588
8.546668998811183
8.544081452393195
8.542819046094612
8.535989840733121
8.533778842570047
8.532697389070199
8.531027068167313
8.525341176620746
8.522101214198576
8.52121745650952
8.519614992267293
8.51849366984767
8.515481568104368
8.51491971373198
8.511803134197125
8.510430117969673
8.509627155619988
8.507368472763213
8.506184910715172
8.50351890959682
8.502249733921893
8.501691695124613
8.50058847669078
8.499203887297842
8.497909472292474
8.495847321646567
8.494189261768227
8.49364424254627
8.492659466744312
8.491207510816619
8.490032595568492
8.48875377826629
8.487015706694256
8.485557263954975
8.482865556764873
8.481430596627057
8.480744945376175
8.479418214829913
8.477598426887926
8.476181630821264
8.474393373603073
8.473114687777946
8.471931276203224
8.470024750239428
8.468924779675108
8.465327159250618
8.463286212709829
8.462218973294434
8.461490543639249
8.459989514677858
8.458651284048992
8.45803223515657
8.456449905564432
8.4552654871462
8.454092454235399
8.453407786507336
8.452571444782594
8.451912331099113
8.450746127813098
8.449069993900716
8.447325724154865
8.446497750562154
8.444922061175362
8.444057439326796
8.442324520941883
8.440073220586235
8.437930880923966
8.437199450446927
8.43636096044005
8.43576201016171
8.43495895124669
8.434151148906105
8.43305007010894
8.431773297657115
8.431127521470197
8.430078345208932
8.428977571261372
8.426956331542675
8.425681077311086
8.425261285200184
8.42412015531182
8.422856904782925
8.420244227858996
8.419138408473465
8.418039857774712
8.41757144309603
8.416426345695518
8.414583899440617
8.41374055861665
8.413194476277763
8.411976026257772
8.410443528762457
8.410018579168645
8.409731142042356
8.408304991207247
8.407629623390129
8.406634466513335
8.404728165969038
8.403673965673994
8.403031669543733
8.402128872830575
8.401803571356877
8.40084240622087
8.400058738759155
8.398692315191576
8.39774399264768
8.396020775762302
8.395144147236095
8.393599736610463
8.39164140249772
8.390997627023106
8.390172612780198
8.389413673993948
8.388359095124253
8.38803253877633
8.385861511959261
8.385214274821895
8.384356803830048
8.383850072424458
8.382960750061025
8.381948881352411
8.380957244233938
8.379772318699063
8.37799123630924
8.376951031881351
8.375538379842835
8.375146036408166
8.374080653067633
8.37260183396182
8.370825582413664
8.369725334103798
8.36888880001143
8.36775270004051
8.36643223990064
8.364084220471906
8.362728424778433
8.362071588427376
8.361374964060504
8.36041146577856
8.358798734844306
8.357064339913011
8.355564264253353
8.353852475308782
8.353192202790856
8.352622251514225
8.351201060279049
8.3506334896045
8.349594916596311
8.348375959464573
8.346758095618005
8.343799717790516
8.342529576479413
8.341250648909805
8.340263546117916
8.33843959099008
8.336650900889515
8.335746577051557
8.334434036161074
8.33285234182983
8.331621575925615
8.33017371092825
8.32746030053321
8.326611976101265
8.325397041691424
8.32405933323844
8.322704179333577
8.321221202718501
8.319729507326075
8.318493283544639
8.317782472039601
8.31657131403038
8.315105107562129
8.31328384487215
8.312544982565187
8.311690267430555
8.309325236508304
8.307486244073589
8.307122366340147
8.305975676781205
8.304530340868064
8.303624043185913
8.30282931243603
8.301812030701688
8.301106943508762
8.299701359780205
8.298658913665967
8.297923072750827
8.296755150191302
8.295604670419559
8.294437109520846
8.292244500765822
8.291763626900202
8.291197416289986
