-6235.615344204 , 1
-6395.548131743 , 1
-8999.707867947 , 1
-2665.817825158 , 1
-9704.588571177 , 1
-7714.753011843 , 1
-6625.836300545 , 1
-5466.676270533 , 1
-10248.129451232 , 1
-7672.374946498 , 1
-7844.022999540 , 1
-10032.006921497 , 1
-5946.506391318 , 1
-7719.231145558 , 1
-6449.292357089 , 1
-11068.492488556 , 1
-4284.115600430 , 1
-4090.987686481 , 1
-2086.123121064 , 1
-4552.186345004 , 1
-3076.314118939 , 1
-7389.282566924 , 1
-6944.707826499 , 1
-5431.929917708 , 1
-7927.192258991 , 1
-8335.372174333 , 1
-6218.023054606 , 1
-6287.845989668 , 1
-5961.744688746 , 1
-4665.017699495 , 1
-4640.791266011 , 1
-5803.513120026 , 1
-6322.987399503 , 1
-3941.543135176 , 1
-3912.375842044 , 1
-5214.052429892 , 1
-7586.207623394 , 1
-2473.578766957 , 1
-4373.759142283 , 1
-4905.700265221 , 1
-6976.487519231 , 1
-6103.071493577 , 1
-5728.174001328 , 1
-6030.660252744 , 1
-7760.453180335 , 1
-7638.328796404 , 1
-7013.640466702 , 1
-5523.300929108 , 1
-4748.193431663 , 1
-5167.789470802 , 1
-8289.296460684 , 1
1092.846779420 , 2
-287.529215727 , 2
-2317.668323896 , 2
-62.623750610 , 2
-2695.403189592 , 2
-2587.055111289 , 2
-706.519198393 , 2
-2080.289546047 , 2
66.995642438 , 2
401.835964181 , 2
-1505.725444429 , 2
-762.065874385 , 2
-3614.296493927 , 2
-3196.628592218 , 2
148.617324073 , 2
-919.603635483 , 2
642.204984339 , 2
-2398.021169496 , 2
-908.406598425 , 2
-328.543087285 , 2
-3162.612972541 , 2
-1828.769497504 , 2
707.093448728 , 2
-1587.813410742 , 2
-1306.153894147 , 2
-915.224995211 , 2
-191.733636792 , 2
-1241.258532448 , 2
-2129.437667123 , 2
-980.720746007 , 2
1020.357722283 , 2
-853.861464818 , 2
-362.773386034 , 2
-3822.074370583 , 2
2032.779734280 , 2
-1780.562984072 , 2
-3633.899193725 , 2
-1576.730173523 , 2
-2368.892195408 , 2
-1174.588759276 , 2
-552.573392205 , 2
-729.226143115 , 2
-2087.826503904 , 2
292.151854424 , 2
-1286.675122477 , 2
-853.238723022 , 2
-282.613746863 , 2
-1116.142536109 , 2
-594.839474326 , 2
-662.355836065 , 2
-696.285288953 , 2
-648.135741406 , 2
-734.994349668 , 2
-94.212911262 , 2
568.719294181 , 2
-1872.857013542 , 2
66.456819272 , 2
517.153734651 , 2
-727.945932758 , 2
-852.442934543 , 2
-825.225834993 , 2
-226.724960832 , 2
-544.124250490 , 2
-653.032567610 , 2
2381.070241183 , 3
3470.329690925 , 3
2668.626687464 , 3
9297.349622320 , 3
12878.057967897 , 3
14733.979425103 , 3
11212.277110657 , 3
10127.312616692 , 3
12032.423803611 , 3
17452.252286131 , 3
9686.636394324 , 3
5752.368769048 , 3
16891.583461975 , 3
15354.830696490 , 3
12520.841541089 , 3
5282.284612017 , 3
3570.699527489 , 3
3577.070224632 , 3
14573.124966450 , 3
9314.879014280 , 3
22514.998960276 , 3
8565.424647745 , 3
9443.862863263 , 3
7636.208432442 , 3
13950.609658227 , 3
11279.251776656 , 3
9077.790685124 , 3
15456.547280255 , 3
13999.288812172 , 3
20224.170911674 , 3
12502.456752416 , 3
10408.795680328 , 3
12610.773357254 , 3
18088.331169459 , 3
13107.260448864 , 3
23901.547293835 , 3
20346.730431752 , 3
12744.335473929 , 3
