-5198.011238551 , 1
-4299.317203115 , 1
-11351.582298885 , 1
-3281.860442362 , 1
-8358.466626350 , 1
-6988.716950120 , 1
-7260.158024286 , 1
-5438.816194389 , 1
-8452.895006859 , 1
-5252.125416287 , 1
-6611.441976583 , 1
-4553.097159239 , 1
-8161.717630339 , 1
-7376.025371714 , 1
-5547.645688943 , 1
-10075.720588037 , 1
-5285.809012058 , 1
-3508.372081135 , 1
-3947.335170677 , 1
-2646.553276421 , 1
-2691.574810450 , 1
-5353.001684971 , 1
-5306.557823608 , 1
-4615.580462322 , 1
-5189.527789244 , 1
-8703.265945309 , 1
-3384.156208387 , 1
-5088.967516193 , 1
-4313.520822750 , 1
-4189.647521805 , 1
-3295.161119326 , 1
-4177.844348278 , 1
-2969.773325206 , 1
-4399.647112323 , 1
-4227.654268541 , 1
-7508.690956228 , 1
-5350.843086993 , 1
-3404.391651822 , 1
-4217.963865874 , 1
-8344.427001220 , 1
-7659.458062181 , 1
-5144.033763937 , 1
-6479.350287545 , 1
-6960.186274596 , 1
-5616.680608365 , 1
-6849.739826907 , 1
-8283.176923553 , 1
-5691.870925015 , 1
-6510.426770660 , 1
-5620.468949237 , 1
-6278.632668230 , 1
1407.776089873 , 2
-306.220172234 , 2
-1490.736785382 , 2
-184.349869330 , 2
-1862.444521439 , 2
-1375.492831527 , 2
-1472.502452884 , 2
-1257.978993111 , 2
-703.424857044 , 2
-1357.245815968 , 2
-735.355317874 , 2
-1249.418655777 , 2
-2529.809034148 , 2
-1944.808068716 , 2
-341.516800877 , 2
-835.412995119 , 2
778.439468778 , 2
-1578.893481215 , 2
-1184.115308005 , 2
-227.524856043 , 2
-2446.825647375 , 2
-732.593359087 , 2
4364.247908759 , 2
-905.527915866 , 2
-537.780433659 , 2
-683.000471778 , 2
-790.939676765 , 2
-1951.539768176 , 2
-853.793472192 , 2
-759.000273333 , 2
-95.993594819 , 2
-972.911445922 , 2
-344.553523137 , 2
-2007.947500257 , 2
1653.725881324 , 2
-778.535262276 , 2
-1462.563928345 , 2
-891.644212329 , 2
-2316.320754802 , 2
-930.863841250 , 2
-1070.834452211 , 2
-697.844059442 , 2
-1897.034102810 , 2
-227.823894504 , 2
-1469.998957315 , 2
-1295.246626188 , 2
-549.346089389 , 2
-2141.967713002 , 2
-545.541829734 , 2
-1615.843281411 , 2
-514.083400309 , 2
-725.416285098 , 2
-359.083874763 , 2
-445.273611540 , 2
4831.634247957 , 2
-2301.279988090 , 2
-2214.061535158 , 2
-24.397973802 , 2
-1082.469813454 , 2
-950.923230933 , 2
-1132.019573301 , 2
-1143.253603503 , 2
-520.453608865 , 2
-1314.437285916 , 2
13376.294144678 , 3
10462.541869613 , 3
16978.178093305 , 3
14188.163015476 , 3
80760.261444640 , 3
184450.451189232 , 3
251202.634072645 , 3
70969.468909978 , 3
89675.956190000 , 3
104516.051688205 , 3
87310.222774865 , 3
68750.702457318 , 3
243775.545804621 , 3
428243.634222178 , 3
178262.392572892 , 3
90510.220865384 , 3
31293.627246289 , 3
9085.147662705 , 3
250737.405498679 , 3
272462.492094445 , 3
207626.557412675 , 3
12803.246151319 , 3
20991.750601440 , 3
127128.356608922 , 3
146753.889594853 , 3
118557.494801791 , 3
91669.502518127 , 3
179290.656444665 , 3
212543.741641187 , 3
317693.621537643 , 3
79605.077118691 , 3
235271.089508077 , 3
172491.567988624 , 3
321511.934738708 , 3
185158.948175238 , 3
745271.105836231 , 3
216236.620002966 , 3
350519.653561919 , 3
