-37146.922594288 , 1
-20513.858192810 , 1
-34206.923639870 , 1
-8292.996982348 , 1
-36749.144765368 , 1
-34441.568421764 , 1
-25319.091817903 , 1
-26892.558087717 , 1
-33561.389526447 , 1
-25504.478226736 , 1
-79866.661641440 , 1
-28091.334506516 , 1
-18488.420144149 , 1
-48985.548179903 , 1
-20766.066758487 , 1
-21788.457507111 , 1
-10837.025970863 , 1
-27018.981594699 , 1
-15989.939454755 , 1
-14235.875012906 , 1
-8710.372238402 , 1
-22955.462617546 , 1
-12229.989735220 , 1
-20299.665378842 , 1
-18802.893158629 , 1
-15991.331964452 , 1
-16504.691779225 , 1
-20431.002088457 , 1
-13983.759837663 , 1
-17531.749136931 , 1
-11830.625834609 , 1
-14934.739636181 , 1
-16660.155120050 , 1
-9873.247312749 , 1
-33375.186340468 , 1
-8825.607405649 , 1
-11962.161158472 , 1
-20641.857033951 , 1
-26982.202226742 , 1
-19691.372614720 , 1
-14476.061176730 , 1
-26985.793731378 , 1
-32554.874349535 , 1
-32305.726428997 , 1
-41573.132492480 , 1
-26152.302193825 , 1
-17288.290865385 , 1
-12030.205650798 , 1
-19164.135509564 , 1
-24782.661997826 , 1
-24105.919613261 , 1
-1120.271830483 , 2
-1240.306815723 , 2
-4371.187345331 , 2
-5062.193865120 , 2
-2409.293370280 , 2
-6825.873578670 , 2
-4103.856826224 , 2
-1325.919606682 , 2
-5023.153986700 , 2
-2000.985981501 , 2
-8022.718303703 , 2
-5473.349741610 , 2
-2079.078854704 , 2
-3033.880462189 , 2
-1840.349679913 , 2
-5272.839824564 , 2
-3968.519535832 , 2
-2676.118904931 , 2
-8139.541484023 , 2
-2730.454397393 , 2
-1230.898388382 , 2
-3894.406380161 , 2
-4635.345800405 , 2
-1928.962232005 , 2
-2626.621203365 , 2
-2761.331851684 , 2
-2580.776824067 , 2
-2036.695466047 , 2
-1360.397494944 , 2
-1390.146417667 , 2
-3213.149267065 , 2
-3144.536687936 , 2
-7317.583371503 , 2
-1292.646090848 , 2
-8073.235555802 , 2
-6060.806898209 , 2
-5732.052121229 , 2
-2331.850238585 , 2
-2684.111296781 , 2
-1283.967920405 , 2
-4493.579503081 , 2
-1495.172344293 , 2
-3597.122411571 , 2
-1570.459830302 , 2
-1638.557293512 , 2
-7167.631032832 , 2
-2370.146544220 , 2
-1722.901711497 , 2
-4561.830700157 , 2
-1939.913106242 , 2
-2363.570647441 , 2
-3109.086951058 , 2
-2044.809661132 , 2
-1851.011123320 , 2
-1019.617357864 , 2
-2595.094483295 , 2
-4822.505496118 , 2
-5657.429686535 , 2
-1664.320190262 , 2
-2197.754554605 , 2
-3116.744958209 , 2
-2555.323421059 , 2
-2029.082082461 , 2
-1409.231441110 , 2
-1477.744067009 , 2
-1767.108448665 , 2
-982.901487529 , 3
-738.185077379 , 3
-409.785831834 , 3
-645.979095479 , 3
-539.103849885 , 3
-597.056090315 , 3
-302.239781281 , 3
-318.938073997 , 3
-480.402891496 , 3
-584.774836553 , 3
-636.980290655 , 3
-829.326516062 , 3
-508.517003162 , 3
-960.722016489 , 3
-433.238213448 , 3
-126.342478272 , 3
-411.529995826 , 3
-446.504479173 , 3
-550.988248632 , 3
-541.399643411 , 3
-426.808149701 , 3
-350.081321963 , 3
-606.968623123 , 3
-307.682048972 , 3
-370.846279693 , 3
-493.651010616 , 3
-375.494534927 , 3
-968.604211196 , 3
-735.779950591 , 3
-389.632942770 , 3
-880.281838621 , 3
-635.708980716 , 3
-725.094845043 , 3
-491.828325248 , 3
-312.592724024 , 3
-634.315952313 , 3
-777.647516775 , 3
-725.035081939 , 3
-327.869063733 , 3
-242.747420946 , 3
-673.894699501 , 3
-613.141211858 , 3
-632.705689474 , 3
-417.612504717 , 3
