@relation imageData
@attribute 0 numeric
@attribute 1 numeric
@attribute 2 numeric
@attribute 3 numeric
@attribute 4 numeric
@attribute 5 numeric
@attribute 6 numeric
@attribute 7 numeric
@attribute 8 numeric
@attribute 9 numeric
@attribute 10 numeric
@attribute 11 numeric
@attribute 12 numeric
@attribute 13 numeric
@attribute 14 numeric
@attribute 15 numeric
@attribute 16 numeric
@attribute 17 numeric
@attribute 18 numeric
@attribute 19 numeric
@attribute 20 numeric
@attribute 21 numeric
@attribute 22 numeric
@attribute 23 numeric
@attribute 24 numeric
@attribute 25 numeric
@attribute 26 numeric
@attribute 27 numeric
@attribute 28 numeric
@attribute 29 numeric
@attribute 30 numeric
@attribute 31 numeric
@attribute 32 numeric
@attribute 33 numeric
@attribute 34 numeric
@attribute 35 numeric
@attribute 36 numeric
@attribute 37 numeric
@attribute 38 numeric
@attribute 39 numeric
@attribute 40 numeric
@attribute 41 numeric
@attribute 42 numeric
@attribute 43 numeric
@attribute 44 numeric
@attribute 45 numeric
@attribute 46 numeric
@attribute 47 numeric
@attribute 48 numeric
@attribute 49 numeric
@data
0 0 1 0 0 1 0 1 1 0 0 0 1 0 1 0 0 0 0 0 1 1 0 0 0 1 0 1 1 0 0 0 0 0 1 0 1 0 0 0 1 1 0 0 1 1 1 0 0 0
0 0 0 1 0 0 1 0 0 0 1 0 0 0 0 1 0 1 0 0 0 0 0 0 1 0 0 1 0 0 1 1 0 0 0 0 0 0 0 0 1 0 0 1 1 1 0 1 0 1
0 1 0 1 1 1 0 1 0 0 0 0 0 1 0 0 0 0 0 0 1 0 1 1 1 1 1 0 1 0 0 0 0 0 0 1 0 0 0 0 0 0 1 1 1 1 1 1 1 2
0 1 1 1 1 1 0 0 0 0 0 0 0 1 0 1 0 0 0 0 1 0 1 0 0 1 1 1 0 0 0 0 0 0 1 0 0 0 1 0 0 1 1 1 1 1 1 0 0 3
1 0 0 1 0 0 1 1 0 0 0 0 1 0 1 0 0 0 0 1 0 1 0 0 0 0 1 0 1 1 1 1 1 1 1 0 0 0 0 0 1 0 0 0 0 0 0 0 0 4
1 1 1 1 1 1 1 1 0 0 1 0 0 0 1 0 0 0 0 0 0 1 1 1 1 1 1 0 0 0 0 0 0 0 1 1 0 0 0 0 0 1 0 1 1 1 1 0 0 5
0 1 1 1 1 1 0 0 0 1 0 0 0 1 1 0 0 0 0 1 0 1 1 1 1 1 1 0 1 0 0 0 0 0 1 1 0 0 0 0 0 1 0 1 1 1 1 1 0 6
1 1 1 1 1 1 1 1 0 0 0 0 1 0 0 0 0 0 1 0 0 0 0 0 1 0 0 0 0 0 1 0 0 0 0 0 0 1 0 0 0 0 0 0 1 1 0 0 0 7
0 1 0 1 1 1 0 1 0 1 1 0 0 1 1 0 0 0 0 0 1 0 1 1 1 1 1 0 1 0 0 0 0 1 1 1 0 0 0 0 0 1 0 1 1 1 0 1 0 8
0 1 1 1 0 1 0 1 0 0 0 0 0 1 1 0 0 0 0 0 1 0 1 1 1 1 1 1 0 0 0 0 1 1 1 1 0 0 0 0 0 1 1 1 1 1 0 1 0 9
0 0 1 1 1 1 0 0 0 1 0 0 1 0 1 0 0 0 0 0 1 1 0 0 0 0 0 1 1 0 0 0 0 0 1 0 1 0 0 0 1 0 0 0 0 1 1 0 0 0
0 0 0 1 0 0 0 0 1 1 1 0 0 0 0 1 0 1 1 0 0 0 0 0 1 0 0 0 0 0 1 1 0 0 0 0 0 0 1 0 1 0 0 1 1 1 1 1 0 1
0 1 1 1 1 1 0 1 0 1 1 0 0 1 0 0 0 0 1 0 1 0 1 1 1 1 1 0 1 0 0 1 0 0 1 1 0 0 1 0 0 0 1 1 1 1 1 1 1 2
0 1 1 1 1 1 0 1 0 0 0 0 0 1 0 0 0 0 0 0 1 1 1 1 1 1 1 0 0 0 0 0 0 0 1 1 0 0 0 0 0 0 0 1 1 1 1 1 0 3
1 0 0 0 0 0 0 1 0 0 0 0 1 0 1 0 0 0 0 1 0 1 0 0 0 1 1 1 1 1 1 1 1 1 1 0 0 0 0 0 1 0 0 0 0 0 0 0 0 4
1 1 1 1 1 1 1 1 0 0 1 0 0 0 1 0 0 0 0 0 1 1 1 1 1 1 1 0 0 1 0 0 0 0 1 1 0 0 0 0 0 1 0 1 1 1 1 1 0 5
0 1 0 1 1 1 1 1 0 0 0 0 0 1 1 0 1 0 0 0 0 1 1 1 1 1 1 0 0 0 0 0 0 0 1 1 0 0 0 0 0 1 0 1 1 1 1 1 0 6
1 1 0 1 1 1 0 1 0 0 0 0 1 0 0 0 0 0 1 0 0 0 0 0 1 1 0 0 0 0 1 0 0 0 0 0 0 1 0 0 1 0 0 0 1 0 0 0 0 7
0 1 1 1 1 1 0 1 0 0 1 0 0 1 1 0 0 0 0 0 1 0 1 1 1 1 1 0 1 0 0 0 0 1 1 1 0 0 1 0 0 1 1 1 1 1 1 1 0 8
0 1 1 1 1 1 0 1 0 0 0 0 0 1 1 0 0 0 0 1 1 0 1 1 1 1 1 1 0 0 0 0 0 0 1 1 0 0 0 0 0 1 0 1 1 0 1 1 0 9
0 0 1 1 1 0 0 0 1 0 0 1 1 0 1 0 0 0 0 1 1 1 0 0 0 0 0 1 0 0 0 0 0 0 1 1 1 0 0 0 1 0 0 0 1 1 1 0 0 0
0 0 0 0 0 0 0 0 0 1 1 0 0 0 0 0 0 1 0 0 0 0 0 0 1 0 0 0 0 0 0 1 0 0 0 0 0 0 1 0 0 1 0 1 1 1 1 1 0 1
0 1 1 1 1 1 0 1 0 0 0 0 0 1 0 0 0 0 0 0 1 0 1 0 0 1 1 0 0 0 0 1 0 0 0 1 0 0 0 0 0 0 1 1 1 1 1 1 1 2
0 1 1 1 1 1 0 1 0 0 0 0 0 1 0 0 0 0 0 0 1 1 1 1 1 1 1 0 0 0 0 0 0 0 1 1 0 0 0 0 0 0 0 1 1 1 1 1 0 3
1 0 0 0 0 0 0 1 0 0 0 0 0 0 1 0 0 0 0 1 0 1 0 0 0 0 1 0 1 1 1 1 1 0 1 0 0 0 0 0 1 1 0 0 0 0 0 1 0 4
1 1 1 1 1 1 1 1 0 1 0 0 0 0 1 0 0 0 0 0 0 1 1 1 1 1 1 1 0 1 0 0 0 0 1 0 1 0 0 0 0 1 0 1 1 1 1 1 0 5
0 1 1 1 1 1 0 1 0 0 0 0 0 1 1 0 0 0 0 0 0 1 1 1 1 1 1 0 1 0 0 0 0 0 1 1 0 0 0 0 0 1 0 0 1 0 1 1 0 6
1 1 1 1 1 1 1 1 0 0 0 0 1 0 0 0 0 0 1 0 0 0 0 0 1 0 0 0 0 1 0 1 0 0 0 0 0 1 0 0 0 0 0 1 1 0 1 0 0 7
0 1 1 1 1 1 0 1 0 0 0 0 0 1 1 0 1 0 0 0 1 1 1 1 1 1 1 0 1 1 0 1 0 1 0 1 0 0 0 0 0 1 0 1 1 1 1 1 0 8
0 1 1 1 1 1 0 1 0 1 0 0 0 1 1 0 0 0 0 0 0 0 0 1 1 1 1 1 0 1 0 0 0 0 1 1 0 0 0 0 0 1 0 1 1 1 1 1 0 9
0 0 1 1 1 0 0 0 1 0 0 0 1 0 1 0 0 0 0 0 1 1 0 0 0 0 0 1 1 0 0 0 0 1 1 0 1 0 1 0 1 0 0 0 0 1 1 0 0 0
0 0 1 1 0 0 0 0 0 1 1 0 0 0 0 1 0 1 0 0 0 0 0 1 1 0 0 0 0 1 0 1 0 0 0 0 0 0 1 0 0 0 0 1 1 1 1 1 0 1
0 1 1 1 1 1 0 0 0 0 0 0 1 1 0 0 0 0 0 0 1 0 1 1 1 1 1 0 1 0 0 0 0 0 0 1 0 0 0 0 0 0 0 1 1 1 1 1 1 2
1 1 1 1 1 1 0 1 0 0 1 0 0 0 0 0 1 0 0 0 1 0 1 1 1 1 1 0 0 0 0 0 0 0 1 1 0 0 0 0 0 1 0 0 1 1 1 1 0 3
1 0 0 0 0 0 0 1 0 0 1 0 1 0 1 0 0 0 0 0 0 1 0 0 0 0 1 0 1 1 1 1 1 1 1 0 1 0 0 0 1 0 0 0 0 0 0 1 0 4
1 1 0 1 1 1 1 1 0 1 1 0 0 0 1 0 0 0 0 0 0 1 1 1 1 1 1 1 0 0 0 0 0 0 1 1 0 0 0 0 0 0 0 0 1 1 1 1 0 5
0 1 1 1 1 1 0 1 0 0 0 0 0 1 0 0 0 0 0 0 0 1 1 1 1 1 1 0 1 1 0 0 0 0 1 1 0 0 0 0 1 1 0 1 1 1 1 1 0 6
1 1 1 1 0 1 1 1 0 0 1 0 1 0 0 0 1 0 1 0 0 0 0 0 1 0 0 0 0 0 1 0 0 0 0 0 0 1 0 0 0 0 0 0 1 0 0 1 0 7
0 1 1 0 1 1 0 1 0 0 0 0 0 1 1 1 0 0 0 0 1 0 1 1 1 1 1 0 1 0 1 1 0 0 1 1 1 1 0 0 0 1 0 1 1 1 1 1 0 8
0 1 0 1 1 1 0 1 0 0 0 0 0 1 1 0 1 0 0 1 1 0 1 1 1 1 1 1 0 1 0 0 0 0 1 1 0 1 0 1 0 1 0 1 1 1 1 1 0 9
0 0 1 1 1 0 0 0 1 0 0 0 1 0 1 0 0 0 0 0 0 1 0 0 0 0 0 1 1 0 0 0 0 1 1 0 1 0 0 0 1 0 0 0 1 1 1 0 0 0
0 0 1 1 0 0 0 0 0 1 1 0 0 1 0 1 1 0 0 0 0 0 0 0 1 0 0 0 0 0 0 0 1 0 0 0 0 0 1 0 0 0 0 1 1 1 1 1 0 1
0 1 1 1 1 1 0 1 0 0 0 1 0 1 0 0 0 0 0 0 1 0 1 1 1 1 1 0 0 0 0 0 0 0 0 0 0 0 0 0 0 0 1 1 0 1 1 1 1 2
0 0 1 1 1 1 0 1 0 0 0 0 0 1 1 0 0 0 0 0 1 0 1 1 0 1 1 0 0 0 0 0 0 0 1 1 0 1 0 0 0 1 0 1 1 1 0 1 0 3
1 0 0 0 0 0 0 1 0 0 0 0 1 0 1 0 0 0 0 1 0 1 0 0 0 0 1 1 0 1 1 0 1 1 1 0 0 0 0 0 1 0 0 0 1 1 0 1 0 4
1 1 1 1 1 0 0 1 0 0 0 0 1 0 1 0 0 0 0 0 0 0 1 1 1 1 1 1 0 0 0 0 0 0 1 1 0 0 0 0 0 1 0 1 1 1 1 1 0 5
0 1 1 1 1 1 0 1 0 0 0 0 0 1 1 0 0 0 0 1 0 1 0 1 1 1 1 0 1 0 0 0 0 0 1 1 1 0 0 0 1 1 0 1 1 1 1 1 0 6
1 1 1 1 1 1 1 1 0 0 0 1 1 0 1 1 0 0 1 0 0 1 0 0 1 0 0 0 0 0 1 0 1 1 0 0 0 1 0 0 1 0 0 0 1 0 0 0 0 7
0 1 1 1 1 1 0 0 0 0 0 0 0 1 1 0 0 0 0 0 1 0 1 1 1 1 1 1 0 0 0 0 0 0 1 1 0 1 0 0 0 1 0 0 1 1 1 1 0 8
0 1 1 1 1 1 0 1 0 0 0 0 0 1 1 0 0 1 0 0 1 0 1 1 1 1 1 1 0 0 0 0 0 0 1 1 0 0 0 0 0 1 0 1 1 1 1 1 0 9
0 0 0 1 1 0 0 0 1 0 0 0 1 0 1 0 0 0 1 0 1 1 0 0 0 0 0 1 1 0 0 0 0 0 1 0 1 0 0 0 1 0 0 1 1 1 1 0 0 0
0 0 0 1 0 1 0 0 0 1 1 0 0 0 1 1 0 1 1 0 0 0 0 0 1 0 0 1 0 0 0 1 0 0 0 0 0 0 1 0 0 0 0 1 1 1 1 0 0 1
0 1 1 1 1 1 0 1 0 0 0 0 0 1 1 0 1 0 1 1 0 0 1 1 1 1 1 0 1 0 0 0 0 0 1 1 0 0 0 0 0 0 1 1 1 1 1 0 1 2
0 1 1 1 1 1 1 1 0 0 0 0 0 1 0 1 0 0 0 0 1 0 1 1 1 1 1 0 0 0 0 0 0 0 1 1 0 0 0 0 0 1 0 1 1 1 1 1 0 3
1 0 0 0 0 0 0 1 0 0 0 1 1 0 1 0 0 1 0 1 0 1 0 0 0 0 1 0 1 1 1 1 1 0 1 0 0 0 0 0 1 0 0 0 0 0 0 1 0 4
1 1 1 1 1 1 1 1 0 0 0 0 0 0 1 0 1 0 0 0 0 1 1 1 1 0 0 0 0 0 0 0 0 0 1 1 0 0 0 0 0 0 0 1 1 1 1 1 0 5
0 1 1 1 1 1 0 0 0 0 0 0 0 1 1 0 0 0 1 0 0 1 1 1 1 0 1 0 1 0 0 0 0 0 1 1 0 0 0 0 0 1 0 1 1 1 1 1 0 6
1 1 1 1 1 1 1 1 0 0 0 0 0 0 0 0 0 0 1 0 0 1 0 0 1 0 0 0 0 1 1 0 0 0 1 0 0 1 0 0 0 0 0 0 1 1 0 0 0 7
0 1 1 0 1 1 0 1 0 0 0 1 1 1 1 0 0 1 0 0 1 0 1 1 1 1 1 0 1 0 0 0 0 0 0 1 0 0 0 0 0 1 0 1 1 1 1 1 0 8
0 1 1 1 1 1 0 1 0 0 0 0 0 1 1 0 0 0 0 0 1 0 1 1 1 1 1 1 0 0 0 0 0 0 1 0 0 0 0 0 0 1 0 1 1 1 1 1 0 9
0 0 1 1 1 0 0 0 1 0 0 0 1 0 1 0 0 0 0 0 0 1 0 0 0 0 0 1 1 0 1 0 0 0 0 0 1 0 0 0 1 0 0 0 1 1 1 0 0 0
0 0 0 1 1 0 0 1 0 1 1 0 0 0 0 1 0 0 0 0 0 0 0 0 1 0 0 0 0 0 0 1 0 0 0 0 0 0 1 0 0 0 0 1 0 1 1 1 0 1
0 0 1 1 0 0 0 1 0 0 0 0 0 1 0 0 1 0 0 0 1 0 1 1 1 1 1 0 1 0 0 1 0 0 0 1 0 0 0 0 0 0 1 1 1 1 1 1 1 2
0 1 1 1 0 1 1 1 0 0 0 0 0 1 0 0 0 0 1 0 1 0 1 1 1 1 1 0 0 0 0 0 0 0 1 1 0 0 0 0 0 1 0 1 1 1 0 1 0 3
1 0 0 0 0 0 0 1 0 0 0 0 1 0 1 0 1 0 0 1 1 1 0 0 0 0 1 0 1 1 1 1 1 1 1 0 0 0 0 0 1 0 0 0 0 1 0 1 0 4
1 1 1 1 1 1 1 1 1 0 0 0 0 0 1 0 1 0 0 0 0 1 1 1 1 1 1 0 0 0 0 0 0 0 1 1 0 0 0 0 0 1 0 1 1 1 1 1 0 5
0 1 1 1 1 1 0 1 0 0 0 0 0 1 1 0 0 0 0 0 0 1 0 1 1 1 1 0 1 0 0 1 0 0 1 1 0 0 0 0 0 1 0 1 1 1 1 1 0 6
1 1 1 1 1 1 1 1 0 0 0 0 1 0 0 0 0 0 1 0 1 0 0 0 1 0 0 0 0 0 1 0 0 0 0 0 0 1 0 0 0 1 0 0 1 0 0 0 0 7
0 1 1 1 1 1 0 1 1 0 0 0 1 1 1 0 0 0 0 0 1 0 1 0 1 1 1 0 0 0 0 0 0 0 1 0 0 0 0 1 0 1 0 1 1 1 1 1 0 8
0 1 1 1 1 1 0 1 0 0 0 0 0 1 1 0 0 0 0 0 1 0 1 1 1 1 1 1 0 0 0 0 0 0 1 0 0 0 0 1 0 1 0 1 1 1 1 1 0 9
0 0 1 1 1 0 0 0 1 0 0 0 1 0 0 0 0 0 0 0 1 1 0 1 0 0 0 1 0 0 0 0 0 0 1 0 1 0 0 0 1 0 0 0 1 1 1 0 0 0
0 0 0 1 1 0 0 0 0 1 0 1 1 0 0 1 0 1 0 0 0 0 0 0 1 0 0 0 0 0 0 1 0 0 0 0 0 1 1 0 0 0 0 1 1 1 1 1 0 1
0 1 1 1 1 1 0 1 0 1 0 0 0 1 0 0 0 0 0 0 1 0 1 1 1 0 1 0 1 0 0 0 0 0 0 1 0 0 0 0 0 0 1 1 1 1 1 1 1 2
0 1 1 1 1 1 1 1 0 0 1 0 0 0 1 0 0 0 0 0 1 0 1 1 1 1 1 0 0 0 0 0 0 0 1 1 0 1 0 0 0 1 0 1 1 1 1 1 0 3
1 0 0 0 0 0 0 0 0 0 0 0 1 0 1 0 0 0 0 1 0 1 0 0 0 0 1 0 1 1 1 1 1 1 0 0 0 0 0 0 1 1 0 0 0 0 0 1 0 4
1 1 1 1 1 1 1 0 0 0 0 1 0 0 1 0 0 0 0 0 0 1 1 1 1 1 1 0 0 0 1 0 0 0 1 1 0 0 0 0 0 1 0 1 1 1 1 1 0 5
0 0 1 1 1 0 0 1 0 1 0 0 0 1 0 0 0 0 0 1 0 1 1 1 1 1 1 0 1 0 0 0 0 0 1 1 0 0 0 0 0 0 0 1 1 0 1 1 0 6
1 1 1 1 0 1 1 1 0 0 0 0 1 0 0 0 1 0 1 0 0 0 0 0 1 0 0 0 0 0 1 1 0 0 0 0 0 1 1 0 0 1 0 0 1 0 0 0 0 7
0 1 1 1 1 1 0 1 0 0 0 0 0 1 1 1 0 0 0 0 1 0 1 0 1 1 1 0 1 0 0 0 0 0 1 1 0 0 0 0 0 1 0 1 1 1 1 1 0 8
0 0 1 1 1 1 0 0 0 0 0 0 0 1 1 0 0 0 1 1 1 0 1 1 1 1 1 1 0 0 0 0 0 0 1 1 0 0 0 0 0 1 0 1 1 1 1 1 0 9
1 1 1 1 0 0 1 0 1 0 0 0 1 0 1 0 0 0 0 0 1 1 0 0 0 0 0 1 1 0 0 0 0 1 1 1 1 0 0 0 1 0 1 0 1 1 0 0 0 0
1 0 0 1 0 0 0 0 0 1 1 0 0 0 0 1 0 0 0 0 1 0 0 0 1 0 0 0 0 0 0 1 0 0 0 0 0 1 0 0 0 0 0 1 1 1 1 1 0 1
0 1 1 0 1 1 0 1 0 0 0 0 0 1 0 0 0 0 0 0 1 0 1 0 1 0 1 1 1 0 0 0 0 0 0 1 0 0 0 0 0 0 1 1 1 1 1 1 1 2
1 1 1 1 1 1 0 1 0 0 0 0 0 1 0 0 0 0 0 0 1 0 1 1 0 1 1 0 0 0 0 0 0 0 1 1 0 0 0 0 0 1 0 1 1 0 1 1 0 3
1 0 0 0 0 0 0 1 0 1 0 0 1 0 1 0 0 0 0 1 0 0 0 1 0 0 1 0 1 1 0 1 1 1 1 0 0 0 0 1 1 0 0 0 0 0 0 1 0 4
1 1 1 1 1 1 1 1 0 0 0 1 0 0 1 0 0 0 0 0 0 1 0 1 1 1 1 0 0 0 0 0 0 0 1 1 0 0 0 0 0 1 0 1 1 1 1 1 0 5
0 1 1 1 1 1 0 1 0 0 0 0 0 1 1 0 0 0 1 0 1 1 1 0 1 0 1 0 1 0 0 0 0 0 1 1 0 1 0 0 0 1 0 1 1 1 1 1 0 6
1 1 0 1 1 1 1 1 0 0 0 0 1 0 0 1 0 0 1 0 0 0 0 0 1 0 0 0 0 0 1 0 0 0 1 0 0 1 0 0 0 0 0 0 1 0 0 0 0 7
0 1 1 1 1 1 0 1 0 0 0 0 0 1 1 0 0 0 0 0 1 0 1 1 1 1 1 0 1 0 0 0 0 0 1 1 0 0 0 1 0 1 0 1 1 1 1 1 0 8
0 0 1 1 1 1 0 1 1 1 0 0 0 1 1 0 0 1 0 0 1 0 1 1 1 1 1 1 0 0 1 0 0 0 1 1 0 0 0 0 0 1 0 1 1 1 1 1 0 9
0 0 1 1 1 0 0 1 1 0 0 0 1 0 1 0 0 0 0 0 1 1 0 0 1 0 0 1 1 0 0 0 0 0 1 1 1 0 0 0 1 0 0 0 1 1 1 0 0 0
0 0 0 1 0 0 0 0 0 1 1 0 0 0 0 1 0 1 0 0 0 0 0 0 1 0 0 0 0 0 0 1 0 0 0 0 0 0 1 0 0 1 0 1 1 0 1 1 0 1
0 1 1 1 1 1 0 1 0 0 1 0 0 0 0 0 0 0 0 0 1 0 1 1 1 1 1 0 1 1 0 0 0 0 0 1 0 0 0 0 0 0 1 1 1 1 0 1 1 2
0 1 1 1 1 1 0 1 0 1 0 0 0 1 0 0 0 1 0 0 1 0 1 1 1 1 1 0 0 0 0 0 0 0 1 1 0 0 0 0 0 1 0 0 1 1 1 1 0 3
1 0 0 0 0 0 0 1 0 0 0 0 1 0 1 0 0 1 0 1 0 1 0 0 0 0 1 0 1 1 1 0 1 1 1 0 1 0 0 0 0 0 0 0 0 0 0 1 0 4
1 1 0 1 1 1 0 1 0 0 1 0 0 0 1 0 0 0 1 0 0 1 1 1 1 1 1 0 0 0 0 1 0 0 1 1 0 0 1 0 0 1 0 1 1 1 1 1 0 5
0 1 1 1 1 1 0 1 1 0 0 0 0 1 1 0 0 0 0 0 0 1 1 1 1 1 1 0 0 0 0 0 0 0 1 1 0 0 0 0 0 1 1 1 1 1 1 1 0 6
0 1 1 1 1 1 1 1 0 0 0 0 1 0 0 0 0 0 1 0 0 0 0 0 1 0 0 0 0 1 1 0 0 0 0 0 0 1 0 0 0 0 0 0 0 0 0 0 0 7
0 1 1 1 1 1 1 1 0 0 1 0 0 0 1 0 0 0 0 0 1 0 1 1 1 1 1 1 1 0 0 0 0 0 1 1 0 0 0 1 1 1 0 1 1 1 1 1 0 8
0 0 1 1 1 1 0 1 0 0 0 0 0 1 1 0 0 0 0 0 1 0 1 1 1 1 1 1 0 0 0 0 0 0 1 1 0 0 0 0 0 1 0 1 1 1 1 1 0 9
0 0 1 1 1 0 0 0 1 0 0 1 1 0 1 1 0 0 0 0 1 1 1 0 0 0 0 1 1 0 0 1 0 0 1 0 1 0 0 0 1 0 0 0 1 1 0 0 0 0
0 0 0 1 0 0 0 0 0 1 1 0 0 0 0 1 0 1 0 0 0 0 0 0 1 0 0 0 0 0 0 1 0 0 0 0 0 0 1 0 0 0 0 1 1 1 1 0 0 1
0 1 1 1 0 1 0 1 0 0 0 0 0 1 0 0 0 0 0 0 1 0 1 1 0 1 1 0 1 0 0 0 1 0 0 1 0 0 0 0 0 0 1 1 1 1 1 1 1 2
0 1 1 1 1 1 0 1 0 0 0 1 0 1 0 0 0 0 0 0 1 0 1 1 1 1 1 0 0 0 0 0 0 0 1 1 1 0 0 0 0 1 0 1 1 1 1 1 0 3
1 0 0 0 0 0 0 1 1 0 0 0 1 0 1 0 0 0 0 1 0 1 0 1 0 0 1 0 1 1 1 0 1 1 1 0 0 1 0 1 1 0 0 0 0 0 0 1 0 4
1 1 1 1 1 1 1 1 0 0 0 0 0 0 1 0 0 0 0 0 0 1 1 1 1 1 1 0 1 0 0 0 0 0 1 1 0 1 0 0 0 1 0 1 1 0 1 1 0 5
0 1 1 0 1 1 0 1 0 0 0 0 0 1 1 0 0 0 0 0 0 1 1 1 1 1 1 0 1 0 0 0 1 0 1 1 0 1 0 0 0 1 0 0 1 1 1 1 0 6
1 1 1 1 1 0 1 1 0 0 0 0 1 0 0 0 0 0 1 0 1 0 0 0 1 0 0 0 0 0 0 1 0 0 0 0 0 1 0 1 0 0 0 0 1 0 0 0 0 7
0 1 1 1 1 1 0 1 0 0 0 0 0 1 1 0 0 0 0 0 1 0 1 1 1 1 1 0 1 0 0 0 0 0 1 1 0 0 0 0 0 1 0 1 1 1 0 1 0 8
0 1 1 1 1 0 0 1 0 0 1 0 0 1 1 1 0 0 0 0 1 0 1 1 1 1 1 1 0 0 0 0 0 0 1 1 0 0 0 1 0 1 0 1 1 1 1 1 0 9
0 0 1 1 1 0 0 0 1 0 0 1 1 0 0 0 1 0 0 0 1 1 0 0 0 0 0 1 1 0 0 0 0 0 0 0 1 0 0 0 1 0 0 0 1 1 1 0 0 0
0 0 0 1 0 0 1 0 1 1 1 0 0 0 0 1 0 1 0 0 1 0 0 1 1 1 0 0 0 0 0 1 0 0 0 0 1 0 1 0 0 0 0 1 1 1 1 1 0 1
0 1 1 1 1 1 0 1 0 0 0 0 0 1 0 1 0 0 0 0 0 0 1 1 1 1 1 0 1 0 0 0 1 0 0 1 0 0 0 0 0 0 1 1 1 1 1 1 1 2
0 1 1 1 1 1 0 1 0 0 0 0 0 1 0 0 0 0 0 0 1 0 1 1 1 1 1 0 0 0 0 0 0 0 1 1 0 0 0 0 0 1 0 1 1 1 1 1 0 3
1 1 0 0 1 0 0 1 0 0 0 0 1 0 1 0 0 0 0 0 0 1 0 0 0 0 1 0 1 1 1 1 1 1 1 0 0 0 0 0 1 0 0 0 0 0 1 1 0 4
1 1 1 1 1 1 1 1 0 0 0 0 0 0 1 0 0 0 0 0 0 1 1 1 1 1 0 0 0 0 0 0 0 0 1 1 0 0 0 0 0 1 0 1 1 1 1 0 0 5
0 1 1 1 1 1 0 1 1 0 0 0 0 1 1 0 0 0 0 0 0 1 1 1 1 1 1 0 1 0 0 0 0 0 1 1 0 0 0 0 0 1 0 1 1 1 1 1 0 6
1 0 0 1 1 0 1 1 0 0 0 0 0 0 0 0 0 0 1 0 0 0 0 0 0 0 0 0 0 0 1 0 0 0 0 0 0 1 0 0 0 0 0 0 1 1 0 0 0 7
0 1 1 1 1 1 0 1 0 0 0 0 0 0 1 0 0 0 0 0 1 0 1 1 1 1 1 0 1 0 0 0 0 0 1 1 0 0 0 0 0 1 0 1 1 1 1 1 0 8
0 1 1 1 1 1 0 0 0 0 0 0 0 1 1 0 0 0 0 0 1 0 1 1 0 1 1 1 0 0 0 1 0 0 1 1 0 0 0 0 0 1 0 1 1 0 1 1 0 9
0 0 1 1 1 0 0 0 1 0 0 0 1 0 1 0 0 0 0 0 1 0 0 0 0 0 0 1 1 0 0 0 1 0 1 0 1 0 0 0 1 1 0 0 1 1 1 0 0 0
0 0 0 1 0 0 0 0 0 1 1 1 0 0 0 1 0 0 0 0 0 0 0 0 1 0 0 0 0 0 0 1 0 1 0 0 0 0 1 0 0 0 0 1 1 1 1 1 0 1
0 1 1 1 1 1 0 1 0 0 0 0 0 1 0 0 0 0 0 0 1 0 1 0 1 1 1 0 1 0 0 0 0 0 0 1 0 0 1 0 1 1 1 1 1 1 1 1 1 2
0 1 1 1 1 0 0 1 0 0 0 0 0 1 0 0 0 0 0 0 1 0 1 1 1 1 1 0 0 0 0 0 0 0 1 1 0 0 0 0 0 1 0 1 0 1 1 1 0 3
0 0 0 0 1 0 0 1 0 0 0 0 1 0 1 0 0 0 1 1 0 1 1 0 0 1 1 0 1 1 1 1 1 1 1 0 0 0 0 0 1 0 0 0 0 0 0 1 0 4
1 1 1 1 1 1 1 0 0 1 0 0 1 0 1 0 1 0 0 0 0 1 1 1 1 1 1 0 0 0 0 0 0 0 1 1 0 0 0 0 0 1 0 1 1 0 1 1 0 5
0 1 1 1 0 1 0 1 0 1 0 0 0 1 1 0 0 0 0 0 0 1 1 1 1 1 1 0 1 0 0 0 0 0 1 1 0 0 1 0 0 1 0 1 1 1 1 1 0 6
1 1 1 1 1 1 1 1 0 0 0 0 1 0 1 0 0 0 1 0 0 0 1 0 1 0 0 0 0 0 1 0 0 0 0 0 0 1 0 0 1 0 0 0 1 0 0 0 0 7
1 1 1 1 0 1 0 1 0 1 0 0 0 1 1 0 0 0 0 0 1 0 1 0 1 1 1 0 1 0 1 0 0 0 1 1 1 1 0 0 0 1 0 1 1 1 1 1 0 8
0 0 1 1 1 1 0 1 0 0 1 0 0 1 1 0 0 0 0 0 1 0 1 1 1 1 1 1 0 0 0 0 0 0 1 1 0 0 0 0 0 1 0 1 1 1 1 1 0 9
0 0 1 1 1 0 0 0 1 0 0 0 1 1 0 0 0 0 0 0 1 1 0 0 0 0 0 1 1 0 0 0 0 0 1 1 1 0 0 0 1 0 1 0 1 1 1 0 0 0
0 1 0 1 0 0 0 1 0 1 1 0 0 0 0 1 0 1 0 0 0 0 0 0 1 0 0 0 0 0 1 1 1 1 0 0 0 0 1 0 0 0 0 1 1 1 1 1 0 1
0 1 1 1 1 1 0 1 0 0 0 0 0 1 0 0 0 0 1 0 1 0 1 0 1 1 1 0 1 0 0 0 0 0 0 1 0 0 0 0 1 0 1 1 0 1 1 1 1 2
0 1 1 0 1 1 0 1 1 0 0 0 0 1 0 0 0 0 0 0 1 0 1 1 1 1 1 0 0 0 0 0 0 0 1 1 0 0 0 0 0 0 0 1 1 1 1 1 0 3
1 0 0 0 0 0 0 1 0 0 0 0 1 0 0 0 0 0 0 1 0 1 0 0 0 0 1 0 0 0 1 1 1 1 1 0 1 0 1 0 0 0 0 0 0 0 0 1 0 4
1 1 1 0 1 1 1 1 0 0 0 0 0 0 1 0 1 0 0 0 0 1 1 0 1 1 1 0 0 0 0 0 0 0 1 1 0 0 0 0 0 1 0 1 1 1 1 0 0 5
0 1 1 1 1 1 0 1 0 0 0 0 0 0 1 0 0 0 0 0 0 1 1 1 1 1 1 0 1 0 0 0 0 0 1 1 1 0 1 0 0 1 0 1 1 1 1 1 0 6
1 1 1 0 1 1 1 1 0 0 0 0 1 0 1 0 1 1 1 0 0 0 1 0 1 0 0 0 0 0 1 1 0 0 0 0 0 1 0 0 0 0 0 0 1 0 0 0 0 7
0 1 1 1 1 1 0 1 0 0 0 0 0 1 1 0 0 0 0 0 0 0 1 1 1 1 1 0 1 0 0 0 0 0 1 1 0 0 0 0 0 1 0 1 0 1 1 1 0 8
0 0 1 1 1 1 0 0 0 0 1 0 0 1 1 0 0 0 0 0 1 0 1 1 1 1 1 1 0 0 0 0 0 0 1 1 0 1 1 0 0 1 0 1 1 1 1 1 0 9
0 0 1 1 1 0 1 0 1 1 0 0 0 0 1 0 0 0 0 0 1 1 0 0 0 0 0 1 1 0 0 0 0 0 1 0 1 0 1 0 1 0 0 0 0 1 1 0 0 0
0 0 0 1 0 0 0 0 0 1 1 0 0 0 0 1 0 1 0 1 0 0 0 0 1 1 1 0 0 0 0 1 0 0 0 0 0 0 1 0 0 0 0 1 1 1 1 1 0 1
0 1 1 1 1 1 0 1 0 0 0 0 0 1 0 0 0 0 0 0 1 0 0 1 1 1 1 0 1 0 0 0 0 0 0 1 0 0 0 1 0 0 1 1 1 1 1 1 1 2
0 1 1 1 1 1 0 1 0 0 0 0 0 0 0 0 0 0 0 0 1 0 0 1 1 1 1 1 0 1 0 0 0 0 1 1 0 0 0 0 0 1 0 1 1 1 1 1 0 3
1 0 1 0 0 1 0 1 0 0 0 0 1 0 1 0 0 0 1 1 0 1 0 0 0 0 1 0 1 1 1 1 1 1 1 0 0 0 0 0 1 0 0 0 0 0 1 1 0 4
1 0 1 0 1 0 1 1 0 0 0 0 0 0 1 0 0 0 0 0 0 1 1 1 1 1 1 0 1 0 0 0 0 0 1 1 0 0 0 0 0 1 0 0 1 1 1 1 0 5
0 1 1 1 1 1 0 1 0 0 0 0 0 1 1 0 0 0 1 0 0 1 1 1 1 1 1 0 1 0 0 0 0 0 1 1 0 0 0 0 0 1 0 1 0 1 1 1 0 6
1 1 1 1 1 1 1 1 0 0 0 0 1 0 0 0 0 0 1 0 0 0 0 0 1 0 0 0 0 0 1 0 0 0 0 0 1 1 0 0 1 0 0 0 1 0 0 1 0 7
0 1 1 1 1 1 0 1 0 0 0 0 0 1 1 0 0 0 0 0 1 0 1 1 1 1 0 0 1 0 0 1 0 0 1 1 0 1 0 0 0 1 0 0 1 1 1 1 0 8
0 1 1 0 1 1 0 1 0 0 0 1 0 1 1 0 0 0 0 0 1 1 1 1 1 1 1 1 0 0 0 0 0 0 1 1 0 0 0 1 0 1 0 1 1 1 1 1 0 9
0 0 1 0 1 0 0 0 1 0 0 0 1 0 1 0 0 1 0 0 1 1 0 0 0 0 0 0 1 0 0 0 0 0 1 0 1 0 0 0 1 0 0 0 0 1 1 1 0 0
1 0 0 1 0 0 0 0 0 1 1 0 0 0 0 1 0 1 0 1 1 0 0 0 1 0 0 0 0 0 0 1 0 0 0 0 0 0 1 0 1 0 0 1 1 1 1 1 0 1
0 1 1 1 1 1 0 1 0 0 0 0 0 1 0 0 0 0 0 0 1 0 1 1 1 1 1 0 1 0 0 0 0 0 1 1 0 0 1 0 0 0 1 1 1 1 1 1 1 2
0 1 1 1 1 1 0 1 0 0 1 0 0 1 0 0 0 1 0 0 1 0 1 1 0 1 1 0 0 0 0 0 0 0 1 1 0 0 0 0 0 0 0 1 1 1 1 1 0 3
1 0 0 0 1 0 0 1 1 0 0 0 0 0 1 0 0 0 0 0 1 1 0 0 1 0 1 0 1 1 1 0 1 1 1 0 0 0 0 0 1 0 0 0 0 0 0 1 0 4
1 1 1 1 1 1 1 1 0 0 0 0 0 0 0 1 0 0 0 0 0 1 1 1 0 1 0 0 1 0 0 0 0 0 1 1 0 0 0 1 0 1 0 1 1 1 1 1 0 5
0 1 0 1 0 1 0 1 0 0 0 0 0 1 1 0 0 0 0 0 0 1 1 1 1 1 0 0 1 0 0 0 0 0 0 1 0 0 0 0 0 1 0 1 0 1 0 1 0 6
0 1 1 1 1 1 1 0 0 0 0 0 0 0 0 0 0 0 1 0 0 1 0 0 1 0 0 0 0 0 1 0 0 0 0 0 0 1 0 0 0 0 1 0 1 0 0 0 0 7
0 1 0 1 1 1 0 0 0 0 0 0 0 1 1 0 0 0 0 0 1 0 0 1 1 1 1 0 1 0 0 0 0 0 1 1 0 0 0 0 0 1 0 1 1 1 1 1 0 8
0 1 1 1 1 1 0 1 0 0 1 0 0 1 0 0 0 0 0 0 1 0 1 0 1 1 1 1 0 0 1 0 0 0 1 1 0 0 0 0 0 1 0 1 1 1 1 1 0 9
0 1 1 1 1 1 0 0 1 0 0 0 1 0 1 0 0 0 0 0 1 1 0 0 0 0 0 1 1 0 1 0 0 0 1 0 0 1 0 0 1 0 0 0 0 1 1 0 0 0
0 0 0 1 0 0 0 0 0 1 1 1 0 0 0 1 0 1 0 0 0 0 0 0 1 0 1 0 0 0 0 1 0 0 0 0 0 0 1 0 0 0 0 1 1 1 1 0 0 1
0 1 1 1 1 1 0 0 0 0 1 0 0 1 0 0 0 0 0 0 1 0 1 1 1 1 1 0 1 0 0 0 0 0 0 1 0 0 0 0 0 0 1 1 1 1 1 0 1 2
0 1 1 1 1 1 0 1 0 0 0 0 0 1 0 0 0 0 0 0 1 1 1 1 1 1 1 0 0 0 0 0 0 0 1 1 0 1 0 0 0 1 0 1 1 1 1 1 0 3
1 0 0 0 0 0 0 0 0 0 0 0 1 0 1 0 0 0 0 1 0 1 0 1 0 0 1 0 1 1 1 1 0 1 1 0 0 0 0 0 1 0 0 0 0 0 0 1 0 4
1 1 1 1 1 1 0 1 0 0 0 0 0 0 1 0 0 0 0 0 0 1 1 1 1 1 1 0 0 0 0 0 0 1 1 1 1 0 0 0 0 1 0 1 1 1 1 1 0 5
0 1 1 1 1 1 0 1 0 1 0 0 0 1 1 0 0 0 0 0 0 1 1 1 1 1 1 0 1 1 0 1 0 0 1 0 0 1 0 0 0 1 0 1 1 1 1 1 0 6
1 1 1 1 1 1 1 1 0 0 0 0 1 0 0 0 0 0 1 0 0 0 0 0 1 0 0 0 1 0 1 0 0 0 0 0 0 1 0 1 0 0 0 0 1 0 0 0 0 7
0 1 1 1 1 1 0 1 0 0 0 0 0 1 1 0 0 1 1 0 1 0 1 1 1 1 1 0 0 0 0 0 0 0 1 0 0 0 0 0 1 1 0 1 1 1 1 1 0 8
0 1 0 1 1 1 0 1 0 0 0 0 0 1 1 0 1 0 0 0 0 0 1 1 1 1 1 1 0 0 0 0 0 0 1 1 0 0 0 0 0 1 0 1 1 1 1 1 0 9
0 0 1 0 1 0 0 0 1 0 0 0 1 0 1 0 0 0 0 0 1 1 1 0 0 0 0 1 1 0 1 1 1 1 1 1 1 0 0 0 1 0 0 0 1 1 1 0 0 0
0 0 0 0 0 0 0 0 0 1 1 0 0 0 0 1 0 1 0 0 0 1 0 0 1 0 0 0 1 0 1 1 0 1 1 0 0 0 1 0 0 0 0 1 1 1 1 1 0 1
0 1 1 1 1 1 0 1 0 0 0 0 0 1 0 0 0 0 0 0 1 0 1 1 1 0 1 0 1 0 0 0 1 0 0 1 0 0 0 0 0 0 1 1 1 1 1 1 1 2
0 1 1 1 1 1 0 1 0 0 1 0 0 1 0 0 0 0 0 0 1 0 1 1 1 1 1 1 0 0 1 0 0 0 1 1 0 1 0 0 0 1 0 1 1 1 1 1 0 3
1 0 0 0 0 1 0 0 1 0 0 0 1 0 1 0 0 0 0 1 0 1 0 0 0 1 0 0 1 1 1 1 1 1 1 0 0 0 1 0 1 0 0 0 0 0 0 1 0 4
1 1 1 1 1 1 1 1 0 1 0 0 0 0 1 0 0 0 0 0 0 1 1 1 1 1 1 0 0 0 0 0 0 0 1 1 0 0 0 0 0 1 0 1 1 0 1 1 0 5
0 1 1 1 1 1 1 1 0 0 0 0 0 1 1 0 0 0 0 0 0 1 1 1 1 1 1 0 1 1 0 0 0 0 1 1 0 0 0 0 0 0 1 1 1 1 1 1 0 6
1 1 1 1 1 1 1 1 0 0 0 0 1 0 0 0 0 0 1 0 0 0 0 0 1 0 0 0 0 0 1 0 0 0 0 0 0 1 0 0 0 0 0 0 1 1 0 0 0 7
0 1 1 1 1 1 0 1 0 0 1 0 0 1 1 0 0 0 0 0 1 0 0 1 1 1 0 0 0 0 0 0 0 0 1 1 0 0 0 0 1 1 0 0 1 1 1 1 0 8
0 1 1 0 1 1 0 1 0 0 0 0 1 1 0 0 0 0 0 0 1 0 1 1 1 1 1 1 0 0 0 0 0 0 1 1 1 0 0 0 0 1 0 0 1 1 1 1 0 9
0 0 0 1 1 0 0 0 1 0 0 0 1 0 1 0 0 0 0 1 1 1 0 0 0 0 0 1 1 0 1 0 0 0 1 0 1 1 0 1 1 0 0 0 1 1 1 0 0 0
0 0 0 1 0 0 0 0 0 1 1 0 0 0 1 0 0 1 0 0 0 0 0 0 1 0 0 0 0 0 0 1 0 0 0 0 1 0 1 0 0 0 0 1 1 1 1 1 0 1
0 1 1 1 1 1 1 1 0 0 0 0 0 1 0 0 0 0 0 0 1 0 1 1 1 1 1 0 1 0 0 0 0 0 0 1 0 0 0 0 0 0 1 1 1 1 1 1 1 2
0 1 1 0 1 1 0 1 0 0 0 1 0 1 0 0 0 0 1 1 1 0 1 1 0 1 1 0 0 0 0 0 0 0 1 1 0 1 0 0 0 0 0 1 1 1 1 0 0 3
1 0 0 0 0 0 0 1 0 0 0 0 1 0 1 0 0 0 0 1 0 1 0 0 0 0 1 0 1 0 1 1 1 1 1 0 0 0 0 0 1 0 1 0 0 0 0 1 0 4
0 1 1 0 1 1 1 0 0 0 0 0 0 0 1 0 0 0 0 0 0 1 1 1 1 1 1 0 0 0 0 0 0 0 1 1 0 0 0 0 0 1 0 1 1 0 1 1 0 5
0 1 1 1 1 1 0 1 0 0 0 0 1 1 1 0 0 0 0 0 0 1 1 1 1 1 1 1 1 0 0 0 0 0 1 1 0 0 0 1 0 1 0 1 1 0 1 1 0 6
1 1 1 1 1 1 1 1 0 0 0 0 1 0 0 0 0 0 1 0 0 1 0 1 1 0 0 0 1 1 1 0 0 0 0 0 0 1 0 0 0 0 0 0 0 0 0 0 0 7
0 1 1 1 1 1 0 1 0 0 0 0 0 1 1 0 0 0 0 0 1 0 1 1 1 1 1 0 1 0 0 0 0 0 0 1 0 0 0 0 0 1 0 1 1 1 1 1 0 8
0 1 1 1 0 1 0 1 0 0 0 0 0 0 1 0 0 0 0 0 1 0 1 1 1 1 1 1 0 1 0 0 0 0 1 1 0 0 0 0 0 1 0 1 1 1 1 1 0 9
0 0 1 1 1 0 0 0 1 0 0 0 1 0 1 0 0 0 0 0 1 1 0 0 0 0 0 1 1 0 0 0 0 0 1 0 1 0 1 0 1 0 1 0 1 1 1 0 0 0
0 0 0 1 0 0 0 0 0 1 1 0 0 0 0 1 0 1 0 0 0 0 0 0 1 0 0 0 0 0 0 0 0 0 0 0 0 0 1 0 0 0 0 1 1 1 1 1 0 1
0 1 1 1 1 0 0 1 0 0 0 0 0 1 0 0 0 0 0 0 1 0 1 1 1 0 1 0 1 0 0 0 0 0 0 1 0 0 0 0 0 0 0 1 1 1 1 1 1 2
0 1 1 1 1 1 0 1 0 0 0 0 0 1 0 0 0 0 0 0 1 1 0 1 1 1 1 0 0 1 0 0 0 0 1 1 0 0 0 0 0 1 0 1 1 1 1 1 0 3
1 0 0 0 0 0 0 1 1 0 0 0 1 1 1 1 0 0 0 1 0 1 0 0 0 0 1 0 1 1 1 1 1 1 1 0 0 0 0 0 1 0 0 0 0 0 0 1 0 4
1 1 1 1 1 1 1 1 0 0 0 0 0 0 1 0 0 0 0 0 0 1 1 0 1 1 1 0 0 0 0 0 0 0 1 1 1 0 0 0 0 1 0 1 1 1 1 1 0 5
0 1 1 1 1 1 0 1 0 0 0 0 0 1 1 0 0 0 0 0 0 1 1 1 1 1 1 0 1 0 1 0 0 0 1 1 0 0 0 0 0 1 0 1 1 1 1 0 0 6
1 1 1 1 0 1 1 1 0 0 0 0 1 0 0 0 0 0 1 0 0 0 0 0 1 0 0 0 0 0 1 0 0 0 0 0 0 0 0 0 0 0 0 0 1 0 0 0 0 7
0 1 1 0 1 1 0 1 0 0 0 0 0 1 1 0 0 0 0 0 1 0 1 0 1 1 1 0 1 0 0 0 0 0 1 1 0 0 0 0 0 1 0 1 1 1 1 1 0 8
0 1 1 1 1 1 0 1 0 0 0 0 0 1 1 0 0 0 0 0 1 1 1 1 1 1 1 1 0 0 0 0 0 0 1 1 0 0 0 0 0 1 0 1 1 0 1 1 0 9
0 0 1 1 1 0 0 0 1 0 0 0 1 0 1 0 0 0 1 0 1 1 0 1 0 0 0 1 1 0 0 1 0 0 1 0 1 0 0 0 1 0 0 0 1 1 1 1 0 0
0 0 0 1 0 0 0 0 0 1 1 0 0 0 0 1 1 1 0 0 0 0 0 0 1 0 0 0 0 0 0 1 0 0 0 0 0 0 1 0 0 0 0 0 1 1 1 1 0 1
0 1 1 1 1 1 0 1 0 0 0 0 0 1 0 0 0 0 0 0 1 0 1 1 1 1 1 0 1 0 0 0 0 0 0 1 0 0 0 0 0 1 1 1 0 1 1 1 1 2
0 1 1 1 1 1 0 1 0 1 0 0 0 1 0 0 0 0 0 0 1 1 1 1 1 1 1 0 0 0 0 0 0 0 1 1 0 0 0 0 0 1 0 1 1 1 1 1 0 3
0 0 0 0 0 0 0 1 0 0 0 0 1 0 0 0 0 0 0 0 0 1 0 0 0 0 1 0 1 1 1 1 1 1 1 0 0 0 0 0 1 0 0 0 0 0 0 0 0 4
1 1 1 0 1 1 1 0 0 0 0 1 1 0 1 0 1 0 0 0 0 1 1 0 1 1 1 0 0 0 0 0 0 0 1 1 0 0 0 0 0 0 0 1 1 1 1 1 0 5
1 1 1 0 1 1 0 0 0 0 0 0 0 1 1 1 0 0 0 0 0 1 1 1 1 1 0 0 1 0 0 0 0 0 1 1 0 0 1 0 0 0 0 1 1 1 1 1 0 6
1 1 1 1 1 1 1 1 0 0 0 0 1 0 0 1 0 0 1 0 1 0 0 0 1 0 0 0 0 0 1 0 0 0 0 0 0 1 0 1 0 0 0 0 1 0 0 0 0 7
0 0 0 1 1 0 0 1 0 0 0 0 0 1 1 0 0 0 0 0 1 0 1 1 1 1 1 0 1 0 0 0 0 0 1 1 0 0 1 0 0 1 0 0 1 1 1 1 0 8
0 1 1 0 1 1 0 1 0 0 0 0 0 1 1 0 0 0 0 0 1 0 0 1 1 1 0 1 0 0 0 0 0 0 1 1 0 0 0 0 0 1 0 1 1 1 1 0 0 9
0 0 1 1 1 0 0 0 1 0 0 1 1 0 1 1 0 0 0 0 0 1 0 0 0 0 0 0 1 0 0 0 1 0 1 0 0 0 0 1 1 0 0 0 1 1 1 0 0 0
0 0 1 1 0 0 0 0 1 1 1 0 0 0 0 1 0 1 0 0 0 0 0 0 1 0 0 0 0 0 0 1 0 0 0 0 0 0 1 1 0 0 0 1 1 1 1 1 0 1
0 1 1 0 1 1 0 0 0 0 0 0 0 1 0 0 0 0 0 0 1 0 1 1 1 1 1 0 1 0 1 0 0 0 0 1 0 1 0 0 0 0 1 1 1 0 1 1 1 2
0 1 1 1 0 1 0 1 0 0 0 0 0 1 0 0 0 0 0 0 0 0 1 1 1 1 1 0 0 0 0 0 0 0 1 1 0 0 0 0 0 1 0 1 1 1 1 1 0 3
1 0 0 0 0 0 0 1 0 0 0 0 1 0 1 0 0 0 0 1 0 1 0 0 0 0 1 0 1 0 0 1 1 1 1 0 0 0 0 0 1 0 0 0 0 0 0 1 0 4
0 1 1 1 1 1 1 1 0 1 0 0 1 0 1 0 0 0 0 0 0 1 1 1 0 1 1 0 0 0 1 0 0 0 1 0 1 0 0 0 0 1 0 1 1 1 1 0 0 5
1 1 1 1 1 1 1 1 0 0 0 0 0 0 1 0 0 0 0 0 1 1 1 1 1 1 1 0 1 0 0 0 1 0 1 1 0 0 0 0 0 1 0 1 1 1 1 1 0 6
1 1 1 1 1 1 1 1 0 0 0 0 1 0 0 0 0 0 1 0 0 0 0 0 1 0 0 0 0 0 1 0 0 0 1 0 0 1 0 0 0 0 0 0 1 0 0 0 0 7
0 1 1 1 1 1 0 1 0 0 0 0 0 1 1 0 0 0 0 0 1 0 1 1 1 1 1 0 1 0 0 0 0 0 1 1 0 0 0 0 0 1 0 1 1 1 1 1 0 8
0 1 1 1 1 1 0 0 0 0 0 0 0 1 1 0 0 0 0 0 1 0 1 1 1 1 1 1 0 0 0 0 0 0 1 0 0 0 0 1 0 1 0 1 1 1 1 1 0 9
0 0 1 1 1 0 0 0 1 0 0 0 1 0 1 0 0 0 0 0 1 1 0 0 0 0 0 1 1 0 0 0 0 0 1 0 1 0 0 0 1 0 0 0 1 1 1 0 0 0
1 0 0 1 0 0 0 0 0 1 1 0 0 0 0 1 1 1 0 0 0 1 0 1 1 0 0 0 0 0 0 1 0 0 0 0 0 0 1 0 0 0 0 1 1 1 1 1 0 1
0 1 1 1 1 1 0 1 0 0 0 1 1 1 1 0 0 0 0 0 1 0 0 1 1 1 1 0 0 0 0 0 0 0 1 1 0 1 0 0 0 1 1 1 1 1 1 1 1 2
0 1 1 1 1 1 0 1 1 0 0 0 0 1 0 0 0 1 0 0 1 0 1 1 1 1 1 0 0 0 0 0 0 0 1 1 0 0 0 0 0 1 0 1 1 1 1 0 0 3
0 0 0 0 0 0 0 1 0 0 0 0 1 0 1 0 0 1 0 1 0 1 0 0 0 0 1 0 1 1 1 1 1 1 1 0 0 0 0 0 1 1 1 0 0 0 0 1 0 4
1 1 1 1 1 1 1 1 0 0 1 0 0 0 1 0 0 0 0 0 0 1 1 1 1 1 1 0 0 0 1 0 0 0 1 1 0 0 0 0 0 1 0 1 1 1 0 1 0 5
0 1 1 1 1 1 0 1 0 0 0 1 0 1 1 0 0 0 0 0 1 1 1 1 1 1 1 0 1 0 0 0 1 0 1 1 0 0 0 0 0 1 0 1 1 1 1 1 0 6
1 0 1 1 1 1 1 1 0 0 0 0 1 0 1 0 0 0 1 0 0 0 0 0 1 0 0 0 0 0 1 0 0 0 0 0 0 1 0 0 0 0 1 0 1 0 0 0 0 7
0 1 1 1 1 1 0 1 0 0 0 0 0 1 1 1 0 1 0 0 1 0 1 1 1 1 1 0 1 0 0 0 1 0 1 1 0 0 0 0 0 1 0 1 1 1 1 1 0 8
0 0 1 1 1 1 1 1 1 1 0 0 0 1 1 0 0 0 0 0 1 0 0 1 1 1 1 1 1 0 0 0 0 0 1 1 0 0 0 0 1 1 0 1 1 1 1 1 0 9
0 0 1 1 1 0 0 1 0 0 0 0 1 0 1 0 0 0 0 0 1 1 0 0 0 0 1 1 1 0 0 0 1 0 1 0 1 1 0 0 1 0 0 0 0 1 1 0 0 0
1 0 0 1 0 0 0 0 1 1 1 0 0 0 0 1 0 1 0 0 0 0 0 0 1 1 0 0 0 0 0 1 0 0 0 0 0 1 1 0 0 0 0 1 1 1 0 1 0 1
0 1 1 1 1 1 0 1 0 0 0 0 0 1 0 0 0 0 0 0 1 0 1 1 1 1 1 0 1 0 0 1 0 0 0 1 0 0 0 0 0 0 1 1 1 1 1 1 1 2
0 1 1 1 1 1 0 1 0 0 0 0 0 1 0 0 0 0 0 0 1 0 1 0 1 1 1 0 0 0 0 0 0 0 1 1 0 1 0 0 0 1 0 1 1 1 1 1 0 3
1 0 0 0 0 0 0 1 0 0 0 0 1 0 1 0 0 0 0 1 0 1 0 0 0 0 1 0 1 1 0 0 1 1 1 0 0 0 0 0 1 0 0 0 0 0 1 1 0 4
1 1 1 1 1 1 1 0 0 0 0 0 0 0 1 0 0 0 0 0 0 1 0 1 1 1 1 0 0 0 0 0 0 0 1 1 0 0 0 0 0 1 0 0 1 1 1 1 0 5
1 1 1 1 1 1 1 1 0 0 0 1 1 1 1 0 0 0 0 0 0 1 1 1 1 0 1 0 1 0 0 0 0 0 1 1 0 0 0 0 0 1 0 1 1 1 1 0 0 6
1 1 1 1 1 1 1 1 0 0 0 0 1 0 0 1 0 0 1 0 0 0 0 0 1 0 0 0 0 0 1 1 0 0 0 0 0 1 0 0 1 0 0 0 1 0 0 0 0 7
0 1 1 1 1 1 0 1 0 0 0 1 1 1 1 0 1 0 0 0 1 0 1 1 1 1 0 0 1 0 0 0 0 0 1 0 0 0 0 0 0 1 0 1 1 1 0 1 0 8
0 1 1 1 1 1 0 1 0 0 0 0 0 1 1 0 0 0 0 0 1 0 1 1 1 1 1 1 0 0 0 1 0 0 1 1 0 0 0 1 1 1 0 1 1 1 1 1 0 9
0 0 1 1 1 1 0 0 1 0 0 1 1 0 1 0 0 1 0 0 1 1 0 0 1 0 1 1 1 0 0 0 0 0 0 0 1 0 0 0 1 0 0 0 1 1 1 0 0 0
0 0 0 1 0 0 0 0 0 1 1 1 0 0 0 1 0 1 0 0 1 0 0 0 1 0 0 0 0 0 0 1 1 1 0 0 0 0 1 0 0 0 0 1 1 1 1 1 0 1
0 1 1 1 1 1 0 1 0 0 0 0 0 1 0 0 0 0 0 0 1 0 1 1 0 1 1 0 1 0 0 0 0 0 0 0 0 0 1 0 0 0 1 1 1 1 1 1 1 2
0 1 1 1 1 1 0 1 0 0 0 1 0 0 0 0 0 0 0 0 1 0 1 1 1 1 1 0 0 1 0 0 0 0 1 1 0 0 0 0 0 1 0 1 1 1 1 1 0 3
1 1 0 0 0 0 0 1 0 0 1 0 1 0 0 0 0 0 0 1 0 1 0 0 0 0 1 0 1 1 1 1 1 1 1 0 0 0 0 0 1 0 0 0 0 0 0 1 0 4
0 1 1 1 1 1 1 1 0 0 0 0 0 0 1 0 0 0 0 0 0 1 1 1 1 1 0 0 0 0 0 0 0 0 1 1 0 0 0 0 0 1 0 0 1 1 1 1 0 5
0 1 1 1 1 1 0 1 0 0 0 0 0 0 1 0 0 0 0 0 0 1 1 0 1 1 1 0 1 0 0 0 0 0 1 1 0 0 0 0 0 1 0 1 1 1 1 1 0 6
1 1 1 1 1 0 1 1 0 0 0 0 1 0 0 0 0 0 1 0 0 0 0 0 1 0 0 0 0 0 1 0 0 0 0 0 0 1 0 0 0 0 0 0 1 0 0 0 0 7
0 1 1 1 1 1 0 1 0 0 0 0 0 1 1 0 0 0 0 0 1 0 0 1 1 1 0 0 1 0 0 0 1 0 1 1 0 0 0 0 0 1 0 1 0 1 0 1 0 8
0 1 1 1 1 1 0 1 0 0 0 1 1 0 1 0 0 0 0 0 1 0 1 1 1 1 1 1 0 0 0 0 0 0 1 1 0 0 0 0 1 1 0 1 1 1 1 1 0 9
0 0 1 1 1 0 0 0 1 0 0 0 1 1 1 0 0 0 0 0 1 1 0 0 0 0 0 1 1 0 0 0 0 0 0 0 1 0 0 0 1 0 0 0 1 1 1 0 0 0
0 0 0 1 0 0 0 0 0 1 1 0 0 0 0 1 0 0 0 0 0 0 0 0 1 0 0 0 0 1 0 1 0 0 1 0 0 0 1 0 0 0 0 1 1 1 1 1 0 1
0 1 1 1 1 1 0 1 0 0 0 0 1 1 0 0 0 0 0 0 1 0 1 1 1 1 1 0 1 0 0 0 0 0 0 1 0 0 0 0 0 0 1 1 1 1 1 1 1 2
0 1 1 0 1 1 0 1 0 0 0 0 0 1 0 0 0 0 0 0 1 0 1 1 1 1 1 0 0 0 0 0 0 0 1 0 0 0 0 0 0 1 0 1 0 1 1 1 0 3
1 0 0 0 0 0 0 1 0 0 0 0 1 0 1 0 0 0 0 1 0 1 0 0 0 0 1 0 1 1 1 1 1 1 1 0 0 0 0 0 1 0 0 0 0 0 0 1 0 4
1 1 1 1 0 1 1 1 0 1 0 1 0 0 1 0 0 0 0 0 0 1 0 1 1 1 1 0 0 0 0 0 0 0 1 1 0 0 0 0 0 0 0 1 1 1 1 1 0 5
0 1 1 1 1 1 0 1 0 0 0 1 0 1 1 0 1 0 0 0 0 1 1 1 1 1 1 1 1 0 0 0 0 0 1 1 0 0 0 0 0 1 0 1 1 1 1 0 0 6
1 1 1 1 1 1 1 1 0 0 0 0 1 0 0 0 0 0 1 0 0 0 0 0 1 0 0 0 0 0 1 0 1 0 0 0 0 1 0 0 0 0 0 0 1 0 0 0 0 7
1 1 1 1 1 1 0 1 0 0 0 0 0 1 1 0 0 0 0 0 1 0 1 0 1 1 1 0 1 0 0 0 0 0 1 1 0 0 0 0 0 0 0 1 1 1 0 1 0 8
0 1 1 1 1 1 0 1 0 0 0 0 0 1 1 0 0 0 0 0 1 0 1 1 1 1 0 1 0 0 0 0 0 0 1 1 0 0 0 0 0 1 0 1 1 1 1 0 0 9
0 0 1 1 1 0 0 0 1 0 0 0 1 0 1 0 0 0 0 0 1 0 0 0 0 1 0 1 1 0 0 0 0 0 1 0 1 0 0 0 1 0 1 1 1 1 1 0 0 0
0 1 0 1 0 0 0 0 0 1 1 0 0 0 0 1 0 1 1 0 0 0 0 0 1 0 0 0 0 0 1 1 0 0 0 0 0 0 1 0 0 0 1 1 1 1 1 1 0 1
0 1 1 1 1 1 0 1 0 0 1 0 0 1 0 0 0 0 0 0 1 0 1 0 1 1 1 0 1 0 0 1 0 0 1 1 0 0 0 0 0 0 1 1 1 1 1 1 1 2
0 0 1 0 1 1 0 1 0 0 0 0 0 0 0 0 1 0 0 0 1 0 1 1 0 1 0 0 0 0 0 0 0 0 1 1 0 0 0 0 0 1 0 1 1 1 1 1 0 3
1 0 1 1 0 0 0 1 0 0 0 0 1 0 1 0 0 0 0 1 0 1 0 0 0 0 1 0 0 1 1 1 1 1 0 0 0 0 0 0 1 0 0 0 0 0 0 1 0 4
1 1 1 1 1 1 1 1 0 0 0 0 0 0 1 0 0 0 0 0 0 1 1 1 0 1 1 0 1 0 0 0 0 0 0 1 0 0 0 0 0 1 0 1 1 1 1 1 0 5
0 1 1 1 1 1 1 0 0 0 0 0 0 1 1 0 0 1 0 0 0 1 1 1 1 0 1 0 1 0 0 0 0 0 1 1 0 1 0 0 0 1 0 1 1 1 1 1 0 6
1 1 1 0 1 1 1 0 0 0 0 0 1 0 0 0 0 0 1 0 0 0 1 0 1 0 1 0 0 0 1 0 0 0 0 0 0 1 0 0 0 0 0 0 1 1 0 0 0 7
0 1 1 1 1 1 1 1 0 0 1 0 0 1 1 0 0 0 0 0 1 0 1 1 1 1 1 0 1 0 0 0 0 0 1 1 0 1 0 0 0 1 0 1 1 1 1 1 0 8
0 1 1 1 1 1 0 1 0 0 1 0 0 1 1 0 0 0 0 0 1 0 1 1 1 1 1 0 0 0 0 0 0 0 1 1 0 0 1 0 0 1 0 1 1 1 1 1 0 9
0 0 1 1 1 0 0 0 1 0 0 0 1 0 1 0 0 0 0 0 1 1 0 0 0 0 0 1 1 0 0 0 0 0 1 0 1 0 1 0 1 0 0 0 1 1 1 0 0 0
1 0 0 1 0 0 0 1 0 1 1 0 0 0 0 1 0 1 0 0 0 0 0 0 1 0 0 0 0 1 0 1 0 0 1 0 0 0 1 0 0 0 0 0 0 1 1 1 0 1
0 1 1 1 1 1 0 1 0 0 0 0 0 1 0 0 0 0 0 0 1 0 1 1 1 1 1 0 1 0 0 0 0 0 0 1 0 0 0 0 0 1 1 1 1 1 1 1 1 2
0 0 1 1 1 1 0 1 0 0 0 0 0 1 0 0 0 0 1 0 1 0 1 1 0 0 1 0 0 0 0 0 0 0 1 1 0 0 0 1 0 1 0 1 1 1 1 1 0 3
1 0 0 0 0 1 0 1 0 0 0 0 1 0 0 0 1 1 0 1 0 1 0 0 0 0 1 0 0 1 1 1 1 1 1 0 0 0 0 0 0 0 0 0 0 1 0 1 0 4
1 1 1 1 0 1 1 0 1 0 0 0 0 0 1 0 0 0 0 0 0 1 1 1 1 1 1 0 0 0 0 0 0 0 1 1 0 0 0 0 0 1 0 1 1 1 1 1 0 5
0 0 0 1 0 1 0 1 0 1 0 0 0 1 1 0 0 0 0 0 0 1 1 1 1 1 1 0 1 0 0 0 0 0 1 1 0 0 0 0 0 1 0 1 1 1 1 1 0 6
1 1 1 1 1 1 1 1 0 0 0 0 1 0 0 1 0 0 0 0 0 0 0 0 1 0 0 0 0 0 1 0 0 1 0 0 0 1 0 0 0 0 0 0 1 0 0 0 0 7
0 1 1 1 0 1 0 1 0 0 0 0 0 1 1 0 0 0 0 0 1 0 1 1 1 1 1 0 1 0 0 0 0 0 1 1 0 0 0 0 0 1 0 0 1 1 1 1 0 8
0 1 1 1 1 1 0 1 0 0 0 0 0 1 1 0 0 0 0 0 1 0 1 1 0 1 1 1 0 0 1 0 0 0 0 0 0 0 0 0 0 1 0 1 1 1 1 1 0 9
0 0 0 1 0 0 0 0 1 0 0 1 1 0 1 0 0 0 0 0 1 1 1 0 0 0 0 0 1 0 0 0 0 1 1 0 1 0 0 0 1 1 0 0 1 1 0 0 0 0
0 0 0 1 0 0 0 0 0 1 0 0 0 1 0 1 0 1 0 0 0 0 0 0 1 0 0 0 0 0 0 1 0 0 0 1 0 0 1 0 0 0 0 1 1 1 1 1 0 1
0 1 1 1 1 0 0 1 0 0 0 0 0 1 0 0 0 1 0 0 1 0 1 1 1 1 1 0 0 0 0 0 0 0 0 1 0 0 0 0 0 0 1 1 1 1 1 1 1 2
0 1 1 1 1 1 0 1 0 0 0 0 0 1 0 0 0 0 0 0 1 0 1 1 0 1 1 0 0 0 0 0 0 0 1 1 0 0 0 0 0 1 1 1 1 1 1 1 0 3
0 0 0 0 0 0 0 1 0 0 0 0 1 0 1 0 0 0 0 1 0 1 0 0 0 0 1 0 1 1 1 1 1 1 1 0 0 0 0 0 1 1 0 0 0 0 1 1 0 4
1 1 1 1 1 1 1 0 0 0 0 0 1 0 1 0 0 0 1 0 0 1 1 1 1 1 1 0 0 0 0 1 0 0 1 1 0 0 1 0 0 1 0 1 1 1 1 1 0 5
0 1 1 1 1 1 0 1 0 0 0 0 0 1 1 1 0 0 0 0 0 1 0 1 1 1 1 0 1 0 0 0 0 0 1 1 0 0 0 0 0 1 0 1 1 1 1 1 0 6
1 1 1 1 1 1 0 1 0 0 0 1 1 0 0 0 0 0 1 0 0 1 0 1 1 0 0 0 0 0 1 0 0 0 0 0 0 1 0 0 0 0 0 0 1 0 0 0 0 7
0 1 1 1 1 1 0 1 0 0 0 0 0 1 0 0 0 0 0 0 1 0 1 1 1 1 1 0 1 0 0 0 0 0 1 1 0 0 0 0 0 1 0 1 1 1 1 1 0 8
1 1 1 1 1 1 0 1 0 0 0 0 0 1 1 0 0 0 0 0 1 0 1 1 1 1 1 1 1 0 0 0 1 0 1 1 0 0 0 0 0 1 0 1 1 1 1 1 0 9
0 0 1 0 1 0 0 0 1 0 0 0 1 0 1 0 0 0 0 0 1 1 0 0 0 1 0 1 1 0 0 0 0 0 0 0 1 0 0 0 1 0 0 0 1 1 1 0 0 0
0 0 0 1 0 0 0 0 0 1 1 0 0 0 0 1 1 1 0 0 0 0 0 0 1 0 1 0 0 0 0 0 0 1 0 0 0 0 1 0 0 0 0 1 1 1 1 1 0 1
0 0 0 1 1 1 0 1 0 0 0 0 0 1 0 0 0 0 0 0 1 1 1 1 1 1 1 0 1 0 1 0 0 0 0 1 0 0 0 1 0 0 1 1 1 1 1 1 1 2
0 1 1 1 1 1 0 1 0 0 0 0 0 1 0 0 0 0 0 0 1 0 1 1 1 0 1 0 0 0 0 0 1 0 1 1 0 0 0 0 0 1 0 1 0 1 1 1 0 3
1 0 0 0 0 0 1 1 0 0 0 0 1 0 1 0 0 0 0 1 0 1 0 0 0 0 1 0 1 1 1 1 0 1 1 0 0 0 0 0 1 0 0 0 0 1 0 1 0 4
1 0 1 0 1 1 1 1 1 0 0 0 0 0 1 0 0 0 0 0 0 1 1 1 1 1 1 0 0 0 0 0 0 0 1 1 0 0 0 0 0 1 0 1 1 1 1 1 0 5
1 1 1 1 1 1 0 1 0 0 0 0 0 1 1 0 0 0 0 1 0 1 1 1 1 1 1 0 1 0 0 0 0 0 0 1 0 0 0 0 0 1 0 1 1 1 1 1 0 6
1 1 1 1 1 1 0 1 0 0 0 0 1 0 0 0 0 0 1 0 0 0 0 0 1 0 0 0 0 0 1 0 0 0 0 0 0 1 1 0 0 0 0 0 1 0 0 0 0 7
0 1 0 1 1 1 0 1 0 0 0 0 0 0 1 0 0 0 0 0 1 0 1 1 1 1 1 0 0 0 0 0 0 0 1 1 0 0 0 0 0 1 0 1 1 1 0 1 0 8
0 1 1 0 0 1 0 1 0 0 0 0 0 1 1 0 1 0 0 0 1 0 1 1 1 1 0 1 0 0 0 0 0 0 0 1 0 0 0 0 0 1 0 1 1 1 1 1 0 9
0 1 1 1 0 0 0 1 1 0 0 0 1 0 1 0 0 0 0 1 0 1 0 0 0 0 0 0 0 0 0 0 0 0 1 0 1 0 0 0 1 0 0 0 1 1 1 0 0 0
0 1 0 1 0 0 0 0 0 1 1 0 0 0 0 1 0 1 0 0 0 0 1 0 1 0 0 0 0 0 0 0 0 0 0 0 0 1 1 0 0 0 0 1 1 1 1 1 0 1
0 1 0 1 1 1 0 1 0 0 0 0 0 1 0 0 0 0 0 0 0 0 1 1 1 1 0 0 1 0 0 0 0 0 0 1 0 0 1 0 0 0 1 1 1 1 1 1 1 2
1 1 1 1 1 1 1 1 0 0 0 1 0 1 0 0 0 0 0 0 1 1 1 1 1 1 1 0 0 0 0 0 0 0 1 1 0 0 0 0 0 1 0 1 1 1 1 1 0 3
1 0 0 0 0 0 0 1 0 0 0 0 1 0 1 0 0 0 0 1 0 1 0 0 0 0 1 0 1 1 1 1 1 1 1 0 0 0 0 0 1 0 0 0 0 0 0 1 0 4
1 1 1 1 1 1 1 1 0 0 1 0 0 0 1 1 0 0 0 0 0 1 0 1 1 1 1 0 0 0 0 0 0 1 1 1 0 0 0 0 0 0 0 1 0 1 1 1 0 5
0 1 1 1 1 1 0 1 0 0 0 0 0 0 1 0 0 0 0 0 0 1 1 1 1 1 0 0 1 0 0 0 0 1 1 1 0 0 0 0 0 1 0 1 1 1 1 1 0 6
1 1 1 1 1 1 1 1 0 0 0 0 1 0 0 0 0 0 1 0 0 0 0 0 1 0 0 0 0 0 1 1 0 0 0 0 0 1 0 0 0 0 0 0 1 0 0 0 0 7
1 1 1 1 1 1 0 1 0 0 0 0 0 1 1 0 0 0 1 0 1 0 1 1 1 1 1 1 1 0 0 0 0 0 1 1 0 0 0 0 0 1 0 1 1 1 1 1 0 8
0 1 1 1 1 1 0 1 1 0 0 0 1 1 1 0 0 0 0 1 1 0 1 1 1 1 1 1 1 0 0 0 0 0 1 1 0 0 0 0 0 1 0 1 1 1 1 1 0 9
0 0 1 1 1 1 0 0 1 0 0 0 1 0 0 0 0 0 0 0 1 1 0 1 0 0 0 1 1 0 0 0 0 1 1 1 1 0 0 0 1 0 0 0 1 1 1 0 0 0
0 0 0 1 0 0 0 0 0 1 1 0 0 0 0 1 0 1 0 0 0 0 0 0 1 0 0 0 0 0 0 1 0 0 0 1 0 0 1 0 0 0 0 1 1 1 1 1 0 1
0 1 1 1 1 1 0 1 0 0 0 0 0 1 0 0 0 0 0 0 1 0 1 1 1 1 1 0 1 0 1 1 0 0 0 1 0 1 0 0 0 0 1 1 1 1 1 1 1 2
0 1 1 1 1 1 0 0 0 0 1 0 0 1 0 0 0 1 0 0 1 0 1 1 0 1 1 0 0 0 0 0 0 0 1 1 0 0 0 0 0 1 0 1 0 1 1 1 0 3
1 0 0 0 1 0 0 0 0 0 0 0 1 0 1 0 0 0 0 0 0 0 0 0 0 0 1 0 1 1 1 1 1 1 0 0 1 0 0 0 1 0 0 0 0 0 0 1 0 4
1 1 1 1 1 1 1 1 0 0 0 0 0 0 1 0 1 0 0 0 0 1 1 1 1 1 1 0 0 0 0 0 0 1 1 1 0 1 0 0 0 1 0 1 1 1 1 1 0 5
0 1 0 1 1 1 0 0 0 0 0 0 0 1 1 0 0 0 0 1 0 1 1 1 1 1 1 0 1 0 0 0 0 0 1 1 0 0 0 0 0 1 0 0 1 1 1 1 0 6
1 1 1 1 1 1 1 1 0 0 0 0 1 0 0 0 0 0 1 0 0 0 0 0 1 0 0 0 0 0 1 0 0 0 0 0 0 1 0 0 0 1 0 0 1 0 0 0 0 7
0 1 1 1 1 1 0 1 0 0 0 0 0 1 1 0 0 0 0 0 1 0 1 1 1 1 1 0 1 0 0 0 0 0 0 1 1 0 0 0 0 1 0 1 0 1 0 1 0 8
0 1 1 1 1 1 1 1 0 0 0 0 0 1 1 0 0 0 0 0 1 0 1 1 1 1 1 1 0 0 0 0 1 0 1 1 0 0 0 0 0 1 0 1 1 1 1 1 0 9
0 0 1 1 1 0 0 0 1 0 0 0 1 0 1 0 0 0 1 0 1 1 0 0 0 0 0 1 1 0 0 0 0 0 1 0 1 0 0 0 1 0 0 0 1 1 1 0 0 0
0 0 0 1 0 0 0 1 0 1 1 0 0 0 0 1 0 1 0 0 0 0 1 0 1 0 0 0 0 0 0 1 0 0 0 0 0 0 1 0 0 0 0 1 1 1 1 1 0 1
0 0 1 1 1 1 0 1 0 1 0 0 0 1 0 0 0 0 0 0 1 0 1 1 0 1 1 0 1 0 1 0 0 0 0 0 0 0 0 0 0 0 1 1 1 1 0 1 1 2
0 1 1 1 1 1 0 1 0 0 0 0 0 1 0 0 0 1 1 0 1 0 1 1 1 1 1 0 0 0 0 0 0 0 1 1 0 0 0 0 0 1 0 1 1 1 1 1 0 3
1 0 0 0 0 0 0 1 1 0 0 1 1 0 1 0 0 0 0 1 1 1 0 0 0 0 0 0 1 1 1 1 1 1 1 0 1 0 0 0 1 0 0 0 0 0 0 0 0 4
1 1 1 1 1 1 1 1 0 0 0 0 0 0 1 0 0 0 0 0 0 1 1 1 1 1 1 0 0 0 0 0 0 0 1 0 0 0 0 0 0 1 0 1 1 1 1 1 0 5
0 1 1 1 1 1 0 1 1 0 0 0 0 1 1 0 1 0 0 0 1 1 1 1 1 1 1 0 1 0 0 0 0 0 1 1 0 0 1 0 0 1 0 1 1 1 1 1 0 6
1 0 1 1 1 1 1 1 0 0 1 0 1 0 0 0 0 0 1 0 0 0 0 0 0 0 0 0 0 0 1 0 0 0 0 0 0 1 0 0 0 0 0 0 0 0 0 0 0 7
0 1 1 1 1 1 0 1 0 0 0 0 1 1 1 1 0 0 0 0 1 0 1 1 1 1 1 0 1 0 0 0 0 0 1 1 0 0 0 0 0 1 0 0 1 1 1 1 0 8
0 1 1 1 0 1 0 1 0 0 0 0 0 0 1 0 1 0 0 0 0 0 0 1 1 1 1 1 0 1 0 0 0 0 1 1 0 0 1 0 0 1 0 1 1 1 1 1 0 9
0 0 1 1 1 0 0 1 1 1 0 0 1 0 1 0 0 0 0 0 1 0 0 0 0 0 0 1 1 0 0 0 0 0 1 0 1 1 1 0 1 0 0 0 1 1 1 0 0 0
0 0 0 1 0 0 1 0 0 1 1 0 0 0 0 1 0 1 0 0 0 0 0 0 1 0 0 0 0 0 0 1 0 0 1 0 0 0 1 0 0 0 0 1 1 1 1 1 0 1
0 1 1 1 1 1 0 1 0 0 0 0 0 1 0 0 0 0 0 0 1 0 1 1 0 1 1 0 1 0 0 0 0 0 0 1 0 0 0 1 0 0 1 1 1 1 1 1 1 2
0 1 0 0 1 1 0 1 0 0 0 0 0 1 0 0 0 0 0 0 1 0 0 1 1 1 1 0 0 0 0 0 0 0 1 1 0 0 0 0 0 1 0 1 1 1 1 1 0 3
1 0 0 0 0 0 0 1 0 0 0 0 1 0 1 1 1 0 0 1 0 1 0 0 0 0 1 0 1 0 1 1 1 1 1 0 0 0 0 0 1 0 0 0 0 0 0 1 0 4
1 1 1 1 1 1 1 1 0 0 1 0 0 0 1 0 0 0 0 0 0 1 1 1 1 1 0 0 0 0 0 0 0 0 1 1 0 0 0 0 0 1 0 1 0 1 1 1 0 5
0 0 0 1 1 1 0 1 0 0 1 0 0 1 0 0 0 0 1 0 0 1 1 1 1 1 1 0 1 0 0 0 0 0 1 1 0 0 0 0 0 1 0 1 0 1 1 1 0 6
1 1 0 1 1 1 1 1 0 0 0 0 1 0 0 0 0 1 1 0 0 0 0 0 1 0 1 0 0 0 1 0 0 1 0 0 0 1 0 0 0 0 0 0 1 0 0 0 0 7
0 1 1 1 1 1 0 1 1 0 0 1 0 1 1 0 0 1 1 0 1 1 1 1 1 1 0 0 1 0 0 0 0 0 1 1 0 0 0 0 0 1 0 1 1 1 1 1 0 8
0 1 1 1 1 1 0 0 0 0 0 0 0 1 1 0 0 0 0 0 1 0 1 1 1 1 1 1 0 0 0 0 0 0 0 1 0 1 1 0 0 1 0 1 1 1 1 1 0 9
0 0 1 1 1 0 0 0 1 1 0 0 1 0 1 0 0 0 0 0 1 1 1 0 0 0 0 1 1 0 0 0 0 0 1 0 1 0 1 0 1 0 0 0 0 0 0 0 0 0
0 0 0 1 0 0 0 0 0 0 1 0 0 0 0 1 1 1 1 0 0 0 0 0 1 0 0 0 0 0 0 1 0 0 0 0 0 0 1 0 0 0 0 1 1 1 1 1 0 1
0 0 1 1 1 1 0 1 0 0 0 0 0 1 0 0 0 0 0 1 1 0 1 1 1 1 1 0 1 0 0 0 0 0 0 1 0 0 0 0 0 0 1 1 1 1 1 1 1 2
0 1 1 1 0 1 0 1 0 0 0 0 0 1 1 1 0 0 0 0 1 0 1 1 1 1 1 0 0 0 0 0 0 0 1 1 0 0 0 0 1 1 0 1 1 1 1 1 0 3
1 0 0 0 0 0 0 1 0 0 0 0 1 0 1 0 0 0 0 1 0 1 0 0 1 0 1 0 1 1 1 1 1 1 1 0 0 0 0 0 1 0 0 0 0 0 0 1 0 4
1 1 1 1 0 1 1 1 0 0 1 0 0 0 1 0 0 0 0 0 0 1 1 1 1 1 1 0 0 0 0 1 0 0 1 1 0 0 0 0 0 1 0 1 1 1 1 1 0 5
0 1 1 1 1 1 0 0 0 0 0 0 0 1 1 0 0 0 0 0 0 1 1 1 1 1 1 0 1 0 0 0 0 0 1 1 0 0 0 0 0 1 0 1 1 1 1 1 0 6
0 1 1 1 1 1 1 1 0 1 0 0 1 0 0 0 0 0 1 0 0 0 0 0 1 0 0 0 0 1 1 0 0 1 0 0 0 0 1 0 0 0 0 0 1 0 1 0 0 7
0 1 1 1 1 0 0 1 0 0 0 0 0 1 1 0 0 0 0 0 1 0 1 1 1 0 1 0 1 1 0 0 0 0 1 1 0 0 0 0 0 1 0 1 1 0 1 1 0 8
0 1 0 1 1 1 0 1 0 0 0 0 0 1 1 0 0 0 0 0 1 1 1 1 1 1 0 1 0 0 0 0 0 0 1 1 0 0 0 0 0 1 0 1 1 1 1 1 0 9
0 0 0 1 1 0 0 1 0 0 0 1 1 0 1 0 0 0 0 1 1 1 0 0 1 0 0 1 1 0 0 0 0 1 1 0 1 0 0 0 1 0 0 1 1 1 1 0 0 0
0 0 0 1 0 0 0 1 0 1 1 0 0 0 1 1 1 1 0 0 0 0 0 0 1 0 0 0 0 0 1 1 0 0 0 0 0 0 1 0 0 0 0 1 1 1 1 1 0 1
0 1 1 1 1 1 0 1 0 0 0 0 0 1 0 0 0 0 0 0 1 0 0 1 1 1 1 1 1 0 0 0 1 0 1 1 0 1 0 0 0 0 1 1 1 1 1 1 1 2
0 1 1 1 1 1 0 1 0 0 0 0 0 0 0 0 0 0 0 0 1 0 1 1 0 1 0 0 0 0 0 0 0 1 1 1 0 0 0 0 0 1 0 1 1 1 1 0 0 3
1 0 0 0 0 0 0 1 1 0 0 0 1 0 1 0 1 0 0 1 0 1 0 0 0 1 1 0 1 1 1 1 1 0 1 0 0 1 0 0 1 0 0 1 0 1 0 1 0 4
1 1 1 1 0 1 1 1 0 0 0 0 0 0 1 0 0 0 0 0 0 1 1 0 1 1 1 0 0 0 0 0 0 0 1 1 0 0 0 0 0 1 0 1 1 1 1 0 0 5
0 1 1 1 1 1 0 1 0 0 0 1 1 1 1 0 0 1 0 0 0 1 1 1 1 1 1 0 1 0 0 0 1 0 1 1 0 0 0 0 0 1 0 1 1 0 1 1 0 6
1 1 1 1 1 1 1 1 0 0 0 0 0 0 1 0 0 0 1 0 0 1 0 0 1 0 0 0 0 0 1 0 0 0 0 0 0 1 0 0 0 0 0 0 1 0 1 0 0 7
0 1 1 1 1 0 0 1 0 0 0 0 0 1 1 0 0 0 0 0 1 0 1 1 1 1 1 0 1 0 1 0 0 0 1 1 0 0 0 0 0 1 1 1 1 1 1 1 0 8
0 1 1 1 0 1 0 1 0 0 0 0 0 1 1 0 0 0 0 0 1 0 1 1 1 1 1 0 0 0 0 0 0 0 1 1 0 0 1 0 0 1 0 1 1 1 1 0 0 9
1 0 1 1 1 0 1 0 0 0 0 0 1 0 1 0 0 0 0 0 1 1 0 0 0 0 0 1 1 0 0 0 0 0 1 0 1 1 0 0 1 0 0 0 1 1 1 0 0 0
0 0 0 1 0 0 0 0 0 0 1 1 0 0 0 1 0 1 0 1 0 0 0 0 0 0 0 0 0 0 0 1 0 0 0 0 0 0 1 0 0 0 0 1 1 1 1 1 0 1
0 1 1 1 1 1 0 1 0 0 0 0 0 1 0 0 0 0 0 0 1 0 0 1 1 1 1 0 1 0 0 0 0 0 0 1 0 0 0 0 0 0 1 1 1 1 0 1 1 2
0 1 1 1 1 0 0 1 1 0 0 1 0 1 0 0 0 0 0 0 0 0 0 1 1 1 1 0 0 0 1 0 0 0 1 0 0 0 0 0 1 1 0 1 1 0 1 1 0 3
1 0 0 0 0 1 0 1 0 0 0 0 1 1 1 0 0 0 0 1 0 1 0 0 0 0 1 0 1 1 1 1 1 0 1 0 0 0 0 0 1 0 0 0 0 0 0 1 0 4
1 1 1 1 1 1 1 1 0 0 1 0 0 0 1 0 0 0 0 0 0 1 1 1 1 0 1 0 1 0 0 0 1 0 1 1 0 1 0 0 0 1 0 1 1 1 1 1 0 5
0 1 1 1 1 1 0 1 0 0 0 0 0 1 1 0 0 0 0 1 0 1 1 1 1 1 1 0 1 0 0 0 0 0 1 1 0 0 0 0 0 1 0 1 1 1 1 1 0 6
1 1 1 1 1 0 1 1 0 0 0 0 1 0 0 0 0 0 1 0 0 0 0 0 1 0 0 0 0 0 1 0 0 0 0 0 0 1 0 0 0 0 0 0 1 0 0 0 0 7
0 1 1 1 1 1 0 1 0 0 0 0 0 1 1 0 0 1 0 0 1 0 0 1 1 1 1 0 1 0 0 0 0 0 1 0 0 0 0 0 0 1 0 1 1 1 1 1 0 8
0 1 1 1 1 1 0 1 0 0 0 0 0 1 1 0 0 1 0 0 1 0 1 1 1 1 1 1 0 0 0 0 0 0 1 1 0 0 0 0 0 1 0 1 0 1 1 1 0 9
0 0 1 1 1 0 0 0 1 0 0 1 1 1 1 0 1 0 0 0 1 1 0 0 0 0 0 1 1 0 0 0 0 0 1 0 1 0 0 0 1 0 0 0 1 1 1 0 0 0
0 0 0 1 0 0 1 0 0 1 1 0 0 0 0 1 0 1 0 0 0 0 0 0 1 0 0 0 0 0 0 1 0 0 0 1 0 0 1 1 0 0 0 1 0 1 1 1 0 1
0 1 1 1 1 1 0 1 0 0 0 0 0 1 0 0 0 0 0 0 1 0 1 1 1 1 1 0 1 0 0 0 0 1 0 1 0 1 0 0 0 0 1 1 1 0 1 0 1 2
0 1 1 1 1 1 0 1 0 0 0 0 0 1 0 0 0 0 0 1 1 0 1 1 1 1 1 0 0 0 0 0 0 0 1 1 0 0 0 0 0 1 0 1 1 1 1 1 0 3
1 1 1 0 0 0 0 0 0 0 0 0 1 0 1 0 0 0 0 1 1 1 0 0 0 0 1 0 1 1 1 1 1 1 1 0 0 0 0 0 1 0 0 0 0 0 0 1 0 4
1 0 1 1 1 1 0 0 0 0 0 0 1 0 1 0 0 1 0 0 0 1 0 0 1 1 1 0 0 0 0 0 0 0 1 1 0 1 0 0 0 1 0 1 1 1 1 1 0 5
0 1 1 1 1 0 0 1 0 0 0 0 0 1 1 0 0 0 0 0 0 1 1 1 1 1 1 0 1 0 0 0 0 1 0 1 0 0 1 0 0 1 0 1 1 1 1 1 0 6
1 1 1 1 1 1 1 1 0 0 0 0 1 0 0 0 0 0 1 0 0 0 0 0 1 0 0 0 0 0 0 0 0 0 0 0 0 1 0 0 0 0 0 0 1 0 0 0 0 7
0 1 1 1 1 1 0 1 0 0 0 0 0 1 1 0 0 0 1 0 1 0 1 1 1 1 1 0 1 1 0 0 0 1 1 1 0 0 0 0 0 1 0 1 1 1 0 1 0 8
0 1 1 1 1 1 0 0 0 0 0 0 1 1 1 1 0 0 0 0 1 0 1 1 1 1 1 1 0 0 0 0 0 0 1 1 0 0 0 0 0 1 0 1 1 1 1 0 0 9
0 0 1 1 1 0 0 0 1 0 0 0 1 0 1 1 0 0 0 0 1 1 0 0 0 0 0 1 1 0 0 0 0 0 1 0 1 0 0 0 1 0 1 0 1 1 1 1 0 0
0 0 1 1 0 0 0 0 0 1 1 0 0 0 1 1 0 1 0 0 1 0 0 0 1 0 0 1 0 0 0 1 0 0 0 0 0 0 1 0 0 0 0 1 1 1 1 1 0 1
0 1 1 1 1 1 0 0 0 0 0 0 0 1 0 0 0 0 0 0 1 0 1 1 1 1 1 0 1 0 0 0 0 0 0 0 0 0 0 0 0 0 1 1 1 1 1 1 1 2
0 0 1 1 1 1 0 0 0 0 1 0 0 1 1 0 0 0 0 0 1 0 1 1 1 1 1 0 0 0 0 0 0 0 1 1 0 0 0 0 0 1 0 0 1 1 1 1 0 3
1 0 0 0 0 0 0 1 0 0 0 0 1 0 1 0 0 0 0 0 0 1 0 0 0 0 1 0 1 1 1 1 1 1 1 0 0 0 1 0 1 0 0 0 0 0 1 1 0 4
0 0 1 1 1 0 1 1 0 0 0 1 0 0 1 0 0 0 0 0 0 1 1 1 1 1 1 0 0 0 0 1 0 0 1 1 0 0 1 0 0 1 0 1 1 1 1 1 0 5
0 1 1 1 1 0 0 1 0 0 0 0 0 1 0 1 0 0 0 0 0 1 1 1 1 1 1 0 1 1 0 0 0 0 1 1 0 0 0 0 0 1 0 1 0 1 1 0 0 6
1 1 1 1 1 1 1 1 0 0 0 0 1 0 0 0 0 0 1 0 0 0 1 0 1 0 0 0 0 0 1 1 1 0 0 0 0 1 0 1 0 0 0 0 1 0 0 0 0 7
0 1 1 1 1 1 0 1 0 0 0 0 0 1 1 0 0 0 1 0 1 0 1 1 1 1 1 0 1 0 0 0 0 0 1 1 0 1 0 0 0 1 0 0 1 1 1 1 0 8
0 1 1 1 0 1 1 1 0 0 1 0 0 1 1 0 0 0 0 0 1 0 1 1 1 0 1 1 0 0 0 0 0 0 0 1 0 0 0 0 1 1 0 1 1 1 1 1 0 9
0 1 0 1 1 0 0 0 1 0 0 0 1 0 1 0 0 0 0 0 1 1 0 1 0 0 0 1 1 0 0 1 0 0 1 0 1 0 0 0 1 0 0 0 1 1 1 0 0 0
0 0 0 1 0 0 0 0 0 1 1 0 0 0 0 1 0 1 0 0 0 0 0 0 1 0 0 1 0 1 0 1 1 1 0 0 0 0 1 0 0 0 0 1 1 1 1 1 0 1
0 1 1 1 1 1 0 1 0 0 1 0 0 1 0 0 0 0 0 0 1 0 1 1 1 1 1 0 1 0 1 0 0 0 0 1 0 0 0 0 0 0 1 1 1 1 1 1 1 2
0 1 1 1 1 1 0 0 0 0 0 0 0 1 0 0 1 0 0 0 1 0 1 1 1 1 1 0 0 0 0 0 0 0 1 1 0 0 0 0 0 1 0 1 1 1 1 1 0 3
1 0 0 0 0 0 1 1 0 0 0 0 1 0 0 0 0 0 0 1 0 1 0 0 0 0 1 0 1 1 1 1 1 1 1 0 0 1 0 0 1 0 0 0 0 0 0 1 0 4
1 1 1 1 1 1 1 1 1 0 0 0 0 0 1 0 0 0 0 0 0 0 1 1 1 1 0 0 0 0 0 0 0 0 1 1 0 0 0 0 1 1 0 1 1 1 1 1 0 5
0 1 1 1 0 1 0 1 0 0 1 0 0 1 0 0 0 0 1 0 0 0 1 1 0 1 1 0 1 0 0 0 0 0 0 1 0 0 0 0 0 1 0 1 1 1 1 1 0 6
1 1 1 1 1 1 1 1 0 0 0 0 1 0 0 0 1 0 1 0 0 0 0 0 1 0 0 0 0 0 1 0 0 0 0 0 0 1 0 0 0 0 0 0 1 0 1 1 0 7
0 1 1 1 1 1 0 1 0 0 0 0 0 1 1 1 0 1 0 0 1 0 1 1 1 1 1 0 1 0 0 0 0 0 1 1 0 0 0 0 0 1 0 1 1 1 1 1 0 8
0 1 1 0 1 1 0 1 0 0 0 0 0 1 0 0 0 0 0 0 1 0 1 0 1 0 1 1 0 0 0 0 1 0 1 1 0 0 0 0 0 1 0 1 1 1 1 1 0 9
0 0 1 1 1 0 1 0 1 0 0 0 1 0 1 0 0 0 0 0 1 1 0 0 0 0 0 1 1 0 0 0 0 0 1 0 1 0 0 0 1 0 0 0 1 1 1 0 0 0
0 0 0 1 0 0 0 1 0 1 1 0 0 0 0 1 0 1 0 0 0 0 0 1 1 0 0 0 0 0 0 1 0 0 0 0 0 0 1 0 0 0 0 1 1 1 1 1 0 1
0 1 1 1 1 1 0 1 0 0 0 0 0 1 0 0 1 1 0 0 1 0 1 1 1 1 1 1 1 0 1 0 0 0 0 1 0 0 0 0 0 0 1 1 1 1 1 1 1 2
0 0 1 1 1 1 0 1 0 1 0 0 0 1 0 1 0 0 0 0 1 1 1 1 1 1 1 0 0 0 0 0 0 0 1 1 0 0 0 0 0 1 0 1 1 1 1 0 0 3
1 0 0 0 0 0 0 1 0 0 0 0 1 0 1 0 0 0 0 1 0 0 0 0 0 0 1 0 1 0 1 1 1 1 1 0 0 0 0 0 1 0 0 0 0 0 0 1 0 4
1 1 1 1 1 1 1 1 0 0 0 0 0 0 1 0 0 0 0 0 0 0 1 1 1 1 1 1 0 0 0 0 0 0 1 1 0 0 0 1 0 1 0 1 1 0 1 1 0 5
0 1 1 1 1 1 0 1 1 0 0 0 0 1 1 0 0 0 0 0 0 1 1 1 1 1 1 0 1 0 0 0 0 0 1 1 0 0 0 0 0 1 0 1 1 0 1 1 0 6
1 1 1 1 0 1 1 1 0 1 0 0 0 0 0 0 0 0 1 0 0 0 0 0 1 0 0 0 0 0 1 0 1 0 0 0 0 1 1 0 0 0 1 1 1 0 0 0 0 7
0 1 1 1 1 1 0 1 0 0 0 0 0 1 1 0 0 0 0 0 1 0 0 1 1 1 1 0 1 0 0 0 1 0 0 1 0 0 0 0 0 1 0 1 1 1 1 1 0 8
0 1 1 1 1 1 0 1 0 0 0 0 0 1 1 0 0 0 0 0 1 0 1 1 1 1 0 1 0 0 0 0 0 0 1 1 0 0 0 0 0 1 0 1 1 0 1 0 0 9
0 0 1 1 1 0 0 0 1 0 0 0 1 0 1 0 0 1 0 0 1 1 0 0 0 0 0 1 1 0 0 1 0 0 1 0 1 0 0 0 1 0 0 0 1 1 1 1 0 0
0 0 0 1 0 0 0 0 0 1 0 0 0 0 0 1 0 1 0 0 0 0 0 0 1 0 0 0 0 0 0 1 0 0 0 1 0 0 1 0 0 0 0 0 1 1 1 1 0 1
0 1 0 1 1 1 0 1 0 0 0 0 0 1 0 0 0 0 0 0 1 0 0 1 1 1 1 0 1 0 0 1 0 0 0 1 1 0 0 0 0 0 1 0 1 1 1 1 1 2
0 1 1 1 1 1 0 1 0 0 0 0 1 1 0 0 0 0 0 0 1 0 1 1 1 1 1 0 0 0 0 0 0 1 1 1 0 1 0 0 0 0 0 1 1 1 1 1 0 3
1 0 0 0 0 0 0 1 0 0 0 0 1 0 1 0 0 0 0 1 0 1 0 0 0 0 0 0 1 1 1 1 1 1 0 0 0 0 0 0 1 0 0 0 0 0 0 0 0 4
1 1 1 1 1 1 1 1 0 0 0 0 0 0 1 0 0 0 0 0 0 1 1 1 1 1 1 0 0 1 0 0 0 0 1 1 0 0 0 0 1 1 0 1 1 1 1 1 0 5
0 1 1 1 1 1 0 1 0 0 0 0 0 1 1 0 1 0 0 0 0 1 1 1 1 1 1 1 1 0 0 0 0 0 1 1 0 0 0 0 0 1 0 1 1 1 1 1 0 6
1 1 1 0 1 1 0 0 0 0 1 0 1 0 0 0 0 0 1 1 0 0 0 0 1 0 0 0 0 0 1 0 0 0 0 0 0 1 0 0 0 0 0 0 0 0 0 0 0 7
0 1 1 1 1 1 0 1 0 0 0 0 0 1 1 0 0 0 1 0 1 0 1 1 1 1 1 0 1 0 1 0 0 1 1 1 0 0 0 0 0 1 0 1 1 1 0 1 0 8
0 1 1 1 1 1 0 1 0 0 0 0 0 1 1 0 0 0 0 0 1 0 1 1 1 1 1 1 0 0 0 0 0 0 1 1 0 0 0 0 0 1 0 1 1 1 1 1 0 9
0 0 1 1 1 0 0 0 1 0 1 0 1 0 0 0 0 0 0 1 1 1 0 1 1 0 0 1 1 0 0 0 0 0 1 0 1 0 0 0 1 1 0 0 1 1 1 0 0 0
1 0 0 1 0 0 1 0 0 0 1 0 0 0 0 0 0 1 0 0 0 0 0 0 0 0 0 0 0 0 0 1 0 0 0 0 0 0 1 0 0 0 0 1 1 1 1 1 0 1
0 1 1 1 0 1 0 1 0 0 0 0 0 1 0 0 0 1 0 0 1 0 1 1 1 0 1 0 1 0 0 0 1 0 0 1 0 0 0 0 0 0 1 1 1 1 1 1 1 2
0 1 1 1 0 1 0 1 0 0 0 0 0 0 0 0 0 1 0 0 1 0 1 1 1 1 1 0 0 0 0 0 0 1 1 1 0 0 0 0 0 1 0 1 1 1 1 1 0 3
1 0 0 0 0 0 1 1 0 0 0 0 1 0 1 0 0 0 0 1 0 1 0 0 0 0 1 1 1 1 1 1 1 1 0 0 0 0 0 0 1 0 0 0 0 0 0 1 0 4
1 1 1 1 1 0 1 1 0 0 0 0 0 0 1 0 0 1 0 0 0 1 1 1 1 0 1 0 0 0 0 0 0 0 1 1 0 0 0 0 0 1 0 0 1 1 1 1 0 5
0 1 1 1 1 1 0 1 0 0 0 0 0 1 1 0 0 0 0 1 0 1 1 1 1 1 1 0 0 0 0 0 0 0 1 1 0 0 0 0 0 1 0 1 1 1 1 1 0 6
1 1 1 1 1 1 1 1 0 0 0 0 1 0 1 0 0 0 1 0 0 0 1 0 1 1 0 0 0 0 1 0 0 0 1 0 0 1 0 0 0 0 0 0 0 0 0 0 0 7
1 1 1 1 1 1 0 1 1 0 0 0 0 1 1 0 0 0 0 0 1 0 1 1 1 0 1 0 1 0 0 0 1 0 1 1 0 0 0 0 0 1 0 1 1 0 1 1 0 8
0 0 0 1 1 1 0 0 0 0 0 0 0 0 1 0 0 0 0 0 1 0 1 1 1 1 1 1 0 0 0 0 0 0 1 1 0 0 0 0 0 1 0 1 1 1 1 1 0 9
0 0 1 1 1 0 0 0 0 0 0 0 1 0 1 1 0 0 0 0 1 1 0 0 1 0 0 1 1 0 0 0 1 0 1 0 1 0 0 0 1 0 0 0 1 1 1 0 0 0
0 0 0 1 0 0 0 0 1 1 1 0 0 0 0 1 0 1 0 0 0 0 1 0 1 0 0 0 0 0 0 1 1 0 0 0 0 0 1 0 0 0 0 1 1 1 1 1 0 1
0 1 1 1 1 1 0 1 0 0 0 0 0 1 0 0 0 0 0 0 1 0 1 1 1 1 1 1 1 0 0 0 0 0 0 1 0 0 0 0 0 0 1 1 1 1 1 1 1 2
0 1 1 1 1 1 1 1 0 0 0 0 0 1 0 1 0 0 0 0 1 0 1 1 1 0 1 0 0 0 0 0 0 0 1 1 0 0 1 0 0 0 0 1 1 1 1 0 0 3
1 0 0 0 0 0 0 1 0 0 1 1 0 0 1 0 0 0 0 1 0 1 0 1 0 0 1 0 0 1 1 1 1 1 1 0 0 0 0 0 1 0 0 0 0 0 0 1 0 4
1 1 1 1 1 1 1 0 0 0 1 1 0 0 1 0 0 0 0 0 0 1 1 1 1 1 1 0 0 0 0 0 1 0 1 1 0 0 0 1 0 1 0 1 1 1 1 1 0 5
0 0 1 1 1 1 0 1 0 0 0 0 0 1 1 0 0 0 0 0 0 0 1 1 1 1 1 0 1 0 0 1 0 1 1 1 0 0 0 0 0 1 0 1 1 1 1 1 0 6
1 1 1 1 1 1 1 1 0 0 0 0 1 0 1 0 0 0 0 0 0 0 0 1 1 0 0 0 0 0 1 0 1 0 0 0 0 1 0 0 0 0 0 0 1 0 0 0 0 7
0 1 1 1 1 1 0 1 0 1 0 0 0 1 1 0 0 0 0 0 1 0 1 1 1 1 1 0 1 0 0 0 1 0 1 1 1 0 0 0 0 1 0 1 1 1 1 1 0 8
0 1 1 1 1 1 0 1 1 0 0 0 0 1 1 0 0 1 0 0 1 0 1 1 1 1 1 1 0 0 0 0 0 1 1 1 0 1 0 0 0 1 0 1 1 1 1 1 0 9
0 1 1 1 1 0 0 0 1 0 0 0 1 0 1 0 0 1 0 0 1 1 0 0 0 0 0 1 1 0 0 1 0 0 1 0 1 0 0 0 1 0 0 0 1 1 1 0 0 0
0 0 0 1 0 1 0 0 0 1 1 0 0 0 0 1 0 1 0 0 0 0 0 0 1 0 0 0 0 0 0 1 0 0 0 0 0 0 1 0 0 0 0 1 1 1 1 1 0 1
0 1 1 1 1 1 0 1 0 0 0 0 0 1 0 0 0 0 0 0 1 0 1 1 1 1 1 0 1 0 0 1 0 1 1 1 0 0 0 0 0 0 1 1 1 1 1 0 1 2
0 1 1 1 0 1 0 1 0 0 0 1 0 1 0 0 0 0 0 0 1 0 1 0 1 1 1 0 0 1 1 0 0 0 1 1 0 0 0 0 0 1 0 1 1 1 1 1 0 3
1 0 0 0 0 0 0 1 0 0 0 1 1 1 1 0 0 0 0 1 0 1 0 0 0 0 1 0 0 1 1 1 1 1 1 0 0 0 0 0 1 0 1 1 0 0 1 0 0 4
1 1 1 1 1 1 1 1 0 0 0 0 0 0 1 0 1 1 0 0 0 1 1 1 1 1 1 0 0 1 0 0 0 0 1 1 0 0 0 0 0 1 0 0 0 1 1 1 0 5
0 1 1 1 1 1 0 1 0 0 0 0 0 1 1 1 0 0 0 0 0 1 1 1 1 1 1 0 1 0 0 0 0 0 1 1 0 0 0 0 0 1 0 1 1 1 1 1 0 6
1 1 1 0 1 1 1 1 0 0 0 0 1 0 0 0 0 0 1 0 0 0 0 0 1 0 0 0 0 0 1 0 0 0 0 0 0 1 0 0 0 0 0 1 1 0 0 0 0 7
0 1 1 1 1 1 1 1 0 0 0 0 0 1 1 1 0 1 1 0 0 1 1 1 1 1 1 0 1 0 0 1 0 0 1 1 0 0 0 0 0 1 0 1 1 1 1 1 0 8
0 1 1 1 1 1 0 1 0 0 0 0 0 1 1 0 0 0 1 0 1 0 0 0 1 1 1 1 0 0 1 0 1 0 0 1 0 0 0 0 0 1 0 1 1 1 1 1 0 9
1 0 1 1 1 0 0 0 1 0 0 0 1 0 1 0 0 0 0 0 1 1 0 0 0 0 0 1 1 0 0 0 0 0 1 0 0 0 1 0 1 0 0 0 1 0 1 0 0 0
0 0 0 1 1 0 1 0 0 1 1 1 0 0 0 0 0 1 0 0 1 0 0 0 1 0 0 0 0 0 1 1 0 0 0 0 0 0 1 0 0 0 0 1 1 1 1 1 0 1
0 1 1 1 1 1 0 1 0 0 0 0 0 1 0 0 0 0 0 0 1 0 1 1 1 1 1 0 1 0 0 0 0 0 1 0 0 0 0 0 0 0 1 1 1 1 1 1 1 2
0 1 1 1 1 0 0 1 1 0 0 0 0 1 0 0 0 0 0 0 1 0 1 1 1 1 1 0 0 0 0 0 0 0 1 1 0 1 0 0 0 1 0 1 1 1 1 1 0 3
1 0 0 0 0 0 0 1 0 1 0 1 1 0 1 0 0 0 0 0 0 1 0 0 0 0 1 0 1 1 1 1 1 1 1 0 1 0 0 0 1 0 0 0 0 0 1 1 0 4
1 1 1 1 1 1 1 1 0 0 0 0 0 0 1 0 0 0 1 1 0 1 1 1 1 0 1 0 1 0 0 0 0 0 1 1 0 0 1 0 0 1 0 1 1 1 1 1 0 5
0 1 1 1 1 1 0 1 0 0 0 0 0 1 0 0 0 1 1 0 0 1 1 1 1 1 1 0 1 0 0 0 0 0 1 1 0 0 0 0 0 0 0 1 1 1 1 1 0 6
1 1 1 1 1 1 1 1 0 1 0 0 1 0 0 0 0 0 1 0 0 0 0 0 1 0 0 0 0 0 0 0 0 0 0 0 0 1 0 0 1 0 0 0 1 0 0 0 0 7
0 1 1 1 1 1 0 1 0 0 0 0 0 1 1 0 0 0 0 0 0 0 1 1 1 1 1 0 1 0 0 0 0 0 1 1 0 0 0 0 0 1 0 1 1 1 1 1 0 8
0 1 1 1 1 1 0 1 0 0 0 0 0 1 1 0 0 0 0 0 1 0 0 1 1 1 1 1 0 0 0 0 0 0 1 1 1 0 0 1 0 1 0 1 1 1 1 1 0 9
0 0 1 1 1 0 0 0 0 0 1 0 1 0 1 0 0 0 0 0 1 1 0 0 0 0 0 1 1 0 0 0 0 0 1 0 1 0 0 0 0 0 0 0 1 0 1 1 0 0
1 0 0 1 0 0 0 1 0 1 1 0 0 0 0 1 0 1 0 0 0 0 0 0 1 0 0 0 0 0 0 1 0 0 0 0 0 0 0 0 0 0 0 1 1 1 1 1 0 1
0 1 1 1 1 1 0 1 0 0 0 0 0 1 0 0 0 0 0 0 1 0 1 1 1 1 1 0 1 0 0 0 0 0 0 1 0 0 0 0 0 0 1 1 1 1 1 1 1 2
0 1 1 1 1 1 0 1 0 0 0 0 0 1 0 0 1 0 0 0 1 0 1 1 1 1 1 0 0 0 0 0 0 1 1 1 0 0 0 0 0 1 0 1 1 1 1 1 0 3
1 0 0 0 0 0 0 0 0 0 0 0 1 0 1 0 0 0 0 1 0 1 0 0 0 0 1 0 1 1 1 1 1 1 1 0 0 0 0 0 1 0 0 1 0 0 0 1 0 4
1 1 1 1 1 1 1 1 0 0 0 0 0 0 0 0 0 0 0 0 0 1 1 1 1 1 1 1 0 0 1 0 0 0 1 1 0 1 0 0 1 1 0 1 1 1 1 1 0 5
0 1 1 1 1 1 0 1 0 0 0 0 0 1 1 1 0 0 0 0 0 1 0 1 1 1 1 0 1 0 0 0 0 0 1 1 0 0 1 0 0 1 0 0 1 1 1 1 0 6
1 1 0 1 1 1 1 1 0 0 0 0 1 0 0 1 0 0 1 1 0 0 0 0 1 0 0 0 0 0 0 0 0 0 0 0 0 1 0 0 0 0 1 0 1 0 1 0 0 7
0 1 1 1 1 1 0 1 0 0 0 0 0 1 1 0 0 0 0 0 1 0 1 1 1 1 1 0 1 0 0 0 0 0 1 1 0 0 0 0 0 1 0 1 1 1 1 1 0 8
0 1 1 1 1 1 0 1 1 0 0 0 0 1 1 0 0 0 0 0 1 0 1 1 1 1 1 1 0 0 0 0 1 0 1 1 0 0 0 0 0 1 0 1 1 1 1 1 0 9
0 0 1 1 1 0 0 0 1 0 1 0 1 1 1 0 0 0 0 0 1 1 0 1 1 0 1 1 0 0 0 0 0 1 1 0 1 0 0 0 0 0 0 0 1 1 0 0 0 0
0 0 0 1 0 1 0 0 0 1 1 0 1 0 0 0 0 1 0 0 0 0 0 0 1 0 0 0 0 0 0 0 0 0 0 0 0 0 1 0 1 0 0 0 1 1 1 1 0 1
0 1 1 1 1 1 0 1 0 0 0 0 0 1 0 0 0 0 1 0 1 0 1 1 1 1 1 0 1 0 0 0 0 0 0 0 0 0 0 0 0 0 1 1 1 1 1 1 1 2
0 1 0 1 1 1 0 1 0 1 0 0 0 1 0 0 0 0 0 0 1 0 1 1 1 1 1 0 0 0 0 1 0 0 1 1 0 0 0 1 0 1 0 1 1 1 1 1 0 3
0 0 0 0 0 0 0 1 0 0 0 0 1 0 1 0 0 0 0 1 0 1 0 0 0 0 1 1 1 1 1 1 1 1 1 0 0 0 0 0 1 0 0 0 0 0 0 1 0 4
1 1 1 1 1 1 1 1 0 0 0 0 0 0 0 0 0 0 0 0 0 1 1 1 1 1 1 0 0 0 0 0 0 0 1 1 0 0 0 0 0 1 0 1 1 1 1 1 0 5
0 0 1 1 1 0 0 1 0 0 1 0 0 1 1 0 0 0 0 0 0 1 1 1 1 1 1 0 1 1 0 0 1 0 1 1 0 1 0 1 0 0 0 1 1 1 1 1 0 6
1 1 1 1 1 1 1 1 0 0 0 0 1 0 0 0 0 0 1 0 0 0 0 0 1 0 0 0 0 0 1 0 0 0 0 0 0 1 0 0 0 0 1 0 1 0 0 0 0 7
0 1 1 1 0 1 1 1 0 0 0 0 1 1 1 1 0 0 0 1 1 0 1 1 1 1 1 0 1 0 1 0 0 0 1 1 0 0 0 0 0 1 0 1 1 0 1 1 0 8
0 1 1 1 1 1 0 1 0 0 0 0 0 1 1 0 0 0 0 0 1 0 0 1 1 0 1 1 0 0 1 0 0 0 1 1 0 0 0 0 0 0 1 1 1 1 1 1 0 9
0 0 1 1 1 0 0 0 1 0 0 0 1 0 1 0 0 0 0 0 1 1 0 0 0 0 0 1 1 0 0 0 0 0 1 0 1 0 0 0 1 0 0 0 1 1 1 0 0 0
0 0 0 1 1 0 0 0 0 1 0 0 0 0 0 1 1 1 0 0 0 0 0 0 1 0 0 0 0 0 0 1 0 0 0 0 0 0 1 0 1 0 0 1 1 1 1 1 0 1
0 1 1 1 1 0 0 1 0 0 0 0 0 1 0 0 0 0 0 0 1 0 1 0 1 1 1 0 1 0 0 0 0 0 0 1 0 0 0 0 0 0 1 1 0 1 1 1 1 2
0 1 1 1 1 1 0 1 0 0 0 0 0 1 0 1 0 0 0 0 1 0 1 1 1 1 1 0 0 0 0 0 0 0 1 1 0 0 0 1 0 0 0 1 1 1 1 0 0 3
1 0 0 0 0 0 0 1 0 0 0 0 1 1 0 0 0 1 0 1 0 1 0 1 0 0 1 0 1 1 1 1 1 0 1 0 0 1 0 0 0 0 0 0 0 0 0 1 0 4
1 1 1 1 1 1 1 1 0 0 0 0 0 0 1 0 0 0 0 0 0 1 1 1 1 1 0 0 0 1 0 0 0 0 1 1 0 0 0 0 0 1 0 1 1 1 1 1 0 5
0 1 1 1 1 0 0 1 0 0 0 0 0 1 1 0 0 1 0 0 0 1 1 1 1 1 1 0 1 0 0 0 0 0 1 0 0 0 0 0 0 1 0 0 1 1 1 1 0 6
1 1 1 1 1 1 1 1 0 0 0 0 1 0 0 0 0 0 1 0 0 0 0 0 1 0 0 0 0 0 1 0 1 0 0 0 0 1 0 0 0 0 0 0 1 0 0 0 0 7
0 1 1 1 1 1 0 1 0 0 0 0 0 1 1 0 0 0 0 0 0 0 1 1 1 0 0 1 1 0 0 0 1 0 1 1 0 0 0 0 0 0 0 1 1 1 1 1 0 8
0 1 1 1 1 1 0 1 1 0 0 0 0 1 1 0 0 0 0 0 1 1 1 1 1 1 1 1 0 0 0 0 0 0 1 1 0 0 0 0 0 1 0 1 1 1 1 1 0 9
0 0 1 1 1 0 1 0 1 0 0 0 1 0 1 0 0 0 0 0 1 1 0 0 0 0 0 1 1 0 0 0 0 0 1 0 1 0 0 0 1 0 0 0 1 1 1 0 0 0
0 0 0 1 0 0 1 0 0 1 1 0 1 0 0 0 0 1 0 0 0 0 0 1 1 1 0 0 0 0 0 1 0 0 0 0 0 0 1 1 0 0 0 1 1 0 1 1 0 1
0 1 1 0 1 1 0 1 0 0 0 0 0 1 0 1 0 0 0 0 1 0 1 1 1 1 1 0 1 0 0 0 1 0 0 1 1 0 0 0 0 0 1 1 1 1 1 1 1 2
0 1 1 1 1 1 1 1 0 0 0 0 0 1 0 0 0 0 0 0 1 0 1 1 1 1 1 0 0 0 0 0 0 0 1 1 0 0 0 0 0 1 0 1 1 1 1 1 0 3
1 0 0 0 1 0 0 1 0 0 0 0 1 0 1 0 1 0 1 1 0 1 0 0 0 0 1 0 1 1 1 1 1 1 1 0 0 0 0 0 1 0 0 0 0 0 0 1 0 4
1 1 1 1 1 1 1 1 0 0 0 0 0 0 1 0 1 0 0 0 0 0 0 1 1 1 1 0 1 0 0 0 0 0 1 1 0 0 0 0 0 1 1 1 1 1 1 1 0 5
0 1 1 1 1 1 0 1 0 0 0 0 0 1 1 0 0 0 0 0 0 1 1 1 1 1 1 1 1 0 0 0 0 0 1 1 0 0 1 0 0 1 0 1 1 1 1 1 0 6
1 1 1 1 1 1 1 1 0 0 0 0 1 0 1 0 0 0 1 0 0 0 0 0 1 0 1 0 0 0 1 0 0 0 0 0 0 1 0 1 0 0 0 0 1 0 0 0 0 7
0 1 1 1 1 0 1 1 0 0 0 0 0 1 1 0 0 0 0 0 0 1 1 1 1 1 1 0 1 0 0 0 0 0 1 1 0 0 0 0 0 1 0 1 0 1 1 1 0 8
0 1 1 1 1 1 0 1 0 0 0 0 0 1 1 0 0 0 0 0 1 0 1 1 1 1 1 0 0 0 0 0 1 0 1 1 0 0 0 0 0 1 0 0 1 1 1 1 0 9
