211	-0.486308517357572
223	0.05753779020267071
227	0.7254638834142442
229	0.33432918195947153
233	0.5030311272968435
239	0.24087478169348675
241	0.7891110908697643
251	-0.3176097965474839
257	-0.569466124231885
263	-0.7756449041300421
269	-0.9197294081240276
271	0.7369008555090863
277	0.5176144219768185
281	-0.9815927174676752
283	0.25738608869482765
293	-0.7357880294679975
307	-0.7649780352472191
311	0.020887219550972155
313	-0.9133146020216331
317	0.2994943626298145
331	-0.9025700001608136
337	-0.7480397922002092
347	0.9922444765587122
349	-0.27657911227148807
353	0.9121428320796426
359	0.7596077139486945
367	0.5392722759650591
373	0.7536483067577424
379	0.9082040974207383
383	-0.2682658049959641
389	-0.5264864121900228
397	0.9190524964855514
401	-0.8992815539283701
409	0.5612590353814428
419	-0.9176512152167369
421	0.028956584650165096
431	-0.5638122999610554
433	-0.5116431290122873
439	-0.7308919165436117
443	-0.0331710918358644
449	0.2474499331227146
457	-0.9926416693343245
461	0.7292910034542779
463	-0.9246699972768754
467	0.8921231866917928
479	0.9977774657877265
487	-0.051060300883596026
491	0.7924883311121441
499	0.49299934151632524
503	0.3403498323707143
509	0.06391506027936768
521	-0.4813457875528469
523	0.9990875991389985
541	0.6038964357214034
547	0.3567946927011306
557	-0.8046409000869513
563	-0.6073156390110986
569	-0.36147006780514135
571	-0.6942855313474717
577	-0.8672028171758299
587	0.4615535328695892
593	0.6913406254392581
599	0.86619059837415
601	-0.8151134983563096
607	-0.6213883435408472
613	-0.3780321929158066
617	0.9499220224554045
619	-0.10443195180143565
631	0.4456434370246614
641	0.11640476619831083
643	0.8570439717022814
647	-0.16575066651472958
653	-0.4345791090798152
659	-0.6686669804257799
661	0.9552836326659442
673	0.6450701621117718
677	-0.9984355538535363
683	-0.9549294104940345
691	-0.14837042366494604
701	-0.41074688183436603
709	-0.8400279719158511
719	0.4134543742118153
727	-0.9600385635556958
733	-0.8448882699707402
739	-0.6623258024549626
743	1.0012569528723325
751	-0.1573506360017719
757	0.12483429986161924
761	0.6715879785887965
769	0.6379919086695895
773	0.168708799489298
787	1.000788937350132
797	-0.8205287804821993
809	-0.9979683376779132
811	0.45331260979950533
821	-0.8633637179898704
823	-0.09590683554960772
827	-0.6885324047226596
829	-0.3701418518103746
839	-0.19234064615671534
853	-0.9971695593641204
857	0.6101630647510201
859	-0.973497991021821
863	0.8075236749480934
877	-0.4744629704399957
881	0.9777389083669965
883	-0.2097369635340978
887	0.8787460850463424
907	0.7968718693670586
911	-0.060732382634524976
919	0.9975497156201926
929	-0.7893013826142756
937	0.7221676041018993
941	-0.9946158935255619
947	-0.9809133023719604
953	-0.888987517465609
967	-0.5722736527394146
971	-0.2443097895244407
977	0.036331467658247726
983	0.31416019289003266
991	-0.9841527036289671
997	-0.8969644714708699
235.0	0.5848419601385809
266.0	0.8638134249608104
299.0	-0.5182322400130193
334.0	0.8396661610763425
371.0	0.29062760234978935
410.0	1.0021935302978744
451.0	-0.9813650111280187
494.0	-0.6940774819740805
539.0	-0.974722610180715
586.0	0.997387876363905
635.0	0.38941200904623935
686.0	0.9070616595121382
739.0	-0.6623258024549626
794.0	0.7344087668475783
851.0	0.36429028050866913
910.0	-0.8721690226131521
971.0	-0.2443097895244407
1034.0	-0.4031532486330319
1099.0	-0.5280960270426504
1166.0	-0.45124881912676335
1235.0	-0.3459245632160354
1306.0	-0.7841399859979923
1379.0	0.15922877999732074
1454.0	0.5296681217744749
1531.0	-0.8639588699556511
1610.0	0.9984283845490194
1691.0	0.7338841721432657
1774.0	0.8419532377901259
1859.0	-0.7325498937881384
1946.0	-0.9761094032823768
2035.0	-0.6826382394107846
2126.0	0.7571546278305842
2219.0	0.8606123189346415
2314.0	0.9769776088552644
2411.0	-0.9847677070361657
2510.0	0.13254099935260474
2611.0	-0.32980701384497385
2714.0	-0.32939470991101
2819.0	-0.8364329660397065
2926.0	-0.92320918738342
-211	44102.0
-223	49286.0
-227	51078.0
-229	51986.0
-233	53826.0
-239	56646.0
-241	57602.0
-251	62502.0
-257	65538.0
-263	68646.0
-269	71826.0
-271	72902.0
-277	76178.0
-281	78402.0
-283	79526.0
-293	85266.0
-307	93638.0
-311	96102.0
-313	97346.0
-317	99858.0
-331	108902.0
-337	112898.0
-347	119718.0
-349	121106.0
-353	123906.0
-359	128166.0
-367	133958.0
-373	138386.0
-379	142886.0
-383	145926.0
-389	150546.0
-397	156818.0
-401	160002.0
-409	166466.0
-419	174726.0
-421	176402.0
-431	184902.0
-433	186626.0
-439	191846.0
-443	195366.0
-449	200706.0
-457	207938.0
-461	211602.0
-463	213446.0
-467	217158.0
-479	228486.0
-487	236198.0
-491	240102.0
-499	248006.0
-503	252006.0
-509	258066.0
-521	270402.0
-523	272486.0
-541	291602.0
-547	298118.0
-557	309138.0
-563	315846.0
-569	322626.0
-571	324902.0
-577	331778.0
-587	343398.0
-593	350466.0
-599	357606.0
-601	360002.0
-607	367238.0
-613	374546.0
-617	379458.0
-619	381926.0
-631	396902.0
-641	409602.0
-643	412166.0
-647	417318.0
-653	425106.0
-659	432966.0
-661	435602.0
-673	451586.0
-677	456978.0
-683	465126.0
-691	476102.0
-701	490002.0
-709	501266.0
-719	515526.0
-727	527078.0
-733	535826.0
-739	544646.0
-743	550566.0
-751	562502.0
-757	571538.0
-761	577602.0
-769	589826.0
-773	595986.0
-787	617798.0
-797	633618.0
-809	652866.0
-811	656102.0
-821	672402.0
-823	675686.0
-827	682278.0
-829	685586.0
-839	702246.0
-853	725906.0
-857	732738.0
-859	736166.0
-863	743046.0
-877	767378.0
-881	774402.0
-883	777926.0
-887	784998.0
-907	820838.0
-911	828102.0
-919	842726.0
-929	861186.0
-937	876098.0
-941	883602.0
-947	894918.0
-953	906306.0
-967	933158.0
-971	940902.0
-977	952578.0
-983	964326.0
-991	980102.0
-997	992018.0
-215.0	45798.0
-246.0	60027.0
-279.0	77286.0
-314.0	97971.0
-351.0	122502.0
-390.0	151323.0
-431.0	184902.0
-474.0	223731.0
-519.0	268326.0
-566.0	319227.0
-615.0	376998.0
-666.0	442227.0
-719.0	515526.0
-774.0	597531.0
-831.0	688902.0
-890.0	790323.0
-951.0	902502.0
-1014.0	1026171.0
-1079.0	1162086.0
-1146.0	1311027.0
-1215.0	1473798.0
-1286.0	1651227.0
-1359.0	1844166.0
-1434.0	2053491.0
-1511.0	2280102.0
-1590.0	2524923.0
-1671.0	2788902.0
-1754.0	3073011.0
-1839.0	3378246.0
-1926.0	3705627.0
-2015.0	4056198.0
-2106.0	4431027.0
-2199.0	4831206.0
-2294.0	5257851.0
-2391.0	5712102.0
-2490.0	6195123.0
-2591.0	6708102.0
-2694.0	7252251.0
-2799.0	7828806.0
-2906.0	8439027.0
